 WL        Abs       T%
 200.0  0.213422  61.175591
 201.0  0.165159  68.366096
 202.0  0.220699  60.159027
 203.0  0.189909  64.579025
 204.0  0.214105  61.079365
 205.0  0.189943  64.573853
 206.0  0.210327  61.613037
 207.0  0.191085  64.404396
 208.0  0.234977  58.213436
 209.0  0.214902  60.967457
 210.0  0.230067  58.875343
 211.0  0.225902  59.442566
 212.0  0.204864  62.392998
 213.0  0.200916  62.962841
 214.0  0.221014  60.115498
 215.0  0.193139  64.100494
 216.0  0.238084  57.798462
 217.0  0.207864  61.963570
 218.0  0.208062  61.935291
 219.0  0.209168  61.777695
 220.0  0.185688  65.209740
 221.0  0.225004  59.565655
 222.0  0.193155  64.098137
 223.0  0.193232  64.086655
 224.0  0.209724  61.698689
 225.0  0.227387  59.239677
 226.0  0.225183  59.541153
 227.0  0.238967  57.680988
 228.0  0.226475  59.364250
 229.0  0.239316  57.634762
 230.0  0.243568  57.073116
 231.0  0.238883  57.692215
 232.0  0.242245  57.247303
 233.0  0.246036  56.749763
 234.0  0.244078  57.006184
 235.0  0.242871  57.164867
 236.0  0.227987  59.157894
 237.0  0.243291  57.109535
 238.0  0.233456  58.417686
 239.0  0.218915  60.406704
 240.0  0.240810  57.436794
 241.0  0.223339  59.794487
 242.0  0.260169  54.932732
 243.0  0.254889  55.604572
 244.0  0.228914  59.031761
 245.0  0.279707  52.516140
 246.0  0.220658  60.164692
 247.0  0.249630  56.282051
 248.0  0.218748  60.429855
 249.0  0.244743  56.918968
 250.0  0.262877  54.591293
 251.0  0.238392  57.757465
 252.0  0.276387  52.919201
 253.0  0.249745  56.267113
 254.0  0.269810  53.726730
 255.0  0.267824  53.972923
 256.0  0.253958  55.723995
 257.0  0.253516  55.780666
 258.0  0.282036  52.235252
 259.0  0.257395  55.284702
 260.0  0.265010  54.323753
 261.0  0.268044  53.945553
 262.0  0.268352  53.907364
 263.0  0.296123  50.568127
 264.0  0.280407  52.431534
 265.0  0.317333  48.157787
 266.0  0.335288  46.207420
 267.0  0.325996  47.206696
 268.0  0.398024  39.992279
 269.0  0.444263  35.953136
 270.0  0.476239  33.401131
 271.0  0.532312  29.355381
 272.0  0.580807  26.253845
 273.0  0.624524  23.739737
 274.0  0.652343  22.266745
 275.0  0.690824  20.378698
 276.0  0.715170  19.267710
 277.0  0.736024  18.364378
 278.0  0.754164  17.613129
 279.0  0.768483  17.041845
 280.0  0.785733  16.378218
 281.0  0.792459  16.126541
 282.0  0.799436  15.869537
 283.0  0.805835  15.637416
 284.0  0.818567  15.185622
 285.0  0.834078  14.652848
 286.0  0.837199  14.547928
 287.0  0.842257  14.379461
 288.0  0.851164  14.087571
 289.0  0.861886  13.744038
 290.0  0.872313  13.417972
 291.0  0.881923  13.124316
 292.0  0.889410  12.899998
 293.0  0.903019  12.502045
 294.0  0.920601  12.006024
 295.0  0.939468  11.495608
 296.0  0.970015  10.714813
 297.0  1.012140   9.724339
 298.0  0.941178  11.450437
 299.0  0.942350  11.419582
 300.0  0.946721  11.305223
 301.0  0.951203  11.189141
 302.0  0.956063  11.064638
 303.0  0.960316  10.956805
 304.0  0.965593  10.824492
 305.0  0.969626  10.724426
 306.0  0.974833  10.596614
 307.0  0.981255  10.441074
 308.0  0.986449  10.316931
 309.0  0.989396  10.247172
 310.0  0.993614  10.148125
 311.0  1.019375   9.563675
 312.0  1.024972   9.441223
 313.0  1.034297   9.240658
 314.0  1.037414   9.174580
 315.0  1.041182   9.095322
 316.0  1.047082   8.972595
 317.0  1.051585   8.880035
 318.0  1.057974   8.750358
 319.0  1.062764   8.654375
 320.0  1.065065   8.608644
 321.0  1.071062   8.490601
 322.0  1.075327   8.407620
 323.0  1.077384   8.367893
 324.0  1.081785   8.283520
 325.0  1.082645   8.267138
 326.0  1.085886   8.205665
 327.0  1.089306   8.141302
 328.0  1.090868   8.112084
 329.0  1.091131   8.107161
 330.0  1.094201   8.050058
 331.0  1.093452   8.063950
 332.0  1.094083   8.052244
 333.0  1.093741   8.058585
 334.0  1.091800   8.094678
 335.0  1.090628   8.116566
 336.0  1.087821   8.169186
 337.0  1.080898   8.300461
 338.0  1.075557   8.403160
 339.0  0.995649  10.100678
 340.0  0.142941  71.954689
 341.0  0.123623  75.227524
 342.0  0.162767  68.743744
 343.0  0.123085  75.320892
 344.0  0.097516  79.888458
 345.0  0.123635  75.225555
 346.0  0.166793  68.109322
 347.0  0.147364  71.225555
 348.0  0.149991  70.796097
 349.0  0.115875  76.581696
 350.0  0.168319  67.870514
 351.0  0.186851  65.035217
 352.0  0.196177  63.653603
 353.0  0.215046  60.947193
 354.0  0.246983  56.626186
 355.0  0.249561  56.291027
 356.0  0.293324  50.895130
 357.0  0.282415  52.189705
 358.0  0.312252  48.724522
 359.0  0.341141  45.588902
 360.0  0.371414  42.519283
 361.0  0.395654  40.211075
 362.0  0.416424  38.333298
 363.0  0.439843  36.320900
 364.0  0.464176  34.341843
 365.0  0.465096  34.269203
 366.0  0.503680  31.355928
 367.0  0.497256  31.823225
 368.0  0.530333  29.489445
 369.0  0.522200  30.046957
 370.0  0.498855  31.706251
 371.0  0.249664  56.277664
 372.0  0.259710  54.990757
 373.0  0.220858  60.137070
 374.0  0.237067  57.933887
 375.0  0.219146  60.374626
 376.0  0.223724  59.741417
 377.0  0.198301  63.343025
 378.0  0.259362  55.034924
 379.0  0.237225  57.912819
 380.0  0.230249  58.850624
 381.0  0.263620  54.497913
 382.0  0.270805  53.603714
 383.0  0.258607  55.130615
 384.0  0.282165  52.219753
 385.0  0.279076  52.592541
 386.0  0.268941  53.834343
 387.0  0.247645  56.539879
 388.0  0.295644  50.623928
 389.0  0.297994  50.350780
 390.0  0.298125  50.335552
 391.0  0.273000  53.333488
 392.0  0.290018  51.284004
 393.0  0.247750  56.526283
 394.0  0.236205  58.048973
 395.0  0.290285  51.252495
 396.0  0.306138  49.415333
 397.0  0.324265  47.395218
 398.0  0.400153  39.796734
 399.0  0.454507  35.115009
 400.0  0.471945  33.732979
 401.0  0.553337  27.968119
 402.0  0.600553  25.086899
 403.0  0.660559  21.849483
 404.0  0.723118  18.918297
 405.0  0.750736  17.752684
 406.0  0.814288  15.335983
 407.0  0.839316  14.477164
 408.0  0.879898  13.185661
 409.0  0.901121  12.556810
 410.0  0.935994  11.587927
 411.0  0.954025  11.116668
 412.0  0.979856  10.474758
 413.0  0.989496  10.244802
 414.0  1.011527   9.738069
 415.0  1.020932   9.529460
 416.0  1.043779   9.041097
 417.0  1.046255   8.989694
 418.0  1.061401   8.681575
 419.0  1.083969   8.241977
 420.0  1.093694   8.059455
 421.0  1.095438   8.027170
 422.0  1.111679   7.732512
 423.0  1.124900   7.500671
 424.0  1.133446   7.354515
 425.0  1.159746   6.922352
 426.0  1.173201   6.711180
 427.0  1.197826   6.341235
 428.0  1.236432   5.801876
 429.0  1.290379   5.124135
 430.0  1.371229   4.253740
 431.0  1.204720   6.241364
 432.0  1.202696   6.270530
 433.0  1.200178   6.306989
 434.0  1.203889   6.253330
 435.0  1.201787   6.283667
 436.0  1.209221   6.177022
 437.0  1.202427   6.274408
 438.0  1.202496   6.273421
 439.0  1.206555   6.215054
 440.0  1.203151   6.263968
 441.0  1.205381   6.231875
 442.0  1.204768   6.240675
 443.0  1.200101   6.308113
 444.0  1.201041   6.294461
 445.0  1.197570   6.344973
 446.0  1.190389   6.450758
 447.0  1.182543   6.568367
 448.0  1.173148   6.712006
 449.0  1.157697   6.955100
 450.0  1.130434   7.405702
 451.0  1.012643   9.713081
 452.0  1.024545   9.450503
 453.0  1.039583   9.128875
 454.0  1.042877   9.059885
 455.0  1.051132   8.889302
 456.0  1.068758   8.535756
 457.0  1.076946   8.376331
 458.0  1.083398   8.252822
 459.0  1.101654   7.913087
 460.0  1.119145   7.600724
 461.0  1.144128   7.175820
 462.0  1.175070   6.682369
 463.0  1.206049   6.222301
 464.0  1.264962   5.432982
 465.0  1.352927   4.436834
 466.0  1.189134   6.469428
 467.0  1.197597   6.344587
 468.0  1.197431   6.347004
 469.0  1.201077   6.293948
 470.0  1.204736   6.241138
 471.0  1.200692   6.299529
 472.0  1.205158   6.235085
 473.0  1.204551   6.243805
 474.0  1.209569   6.172066
 475.0  1.210464   6.159359
 476.0  1.208690   6.184583
 477.0  1.226313   5.938647
 478.0  1.220198   6.022854
 479.0  1.223549   5.976561
 480.0  1.215082   6.094217
 481.0  1.213834   6.111757
 482.0  1.208593   6.185953
 483.0  1.202098   6.279161
 484.0  1.201549   6.287107
 485.0  1.195253   6.378911
 486.0  1.188523   6.478532
 487.0  1.187263   6.497366
 488.0  1.179579   6.613349
 489.0  1.175040   6.682816
 490.0  1.170644   6.750811
 491.0  1.164582   6.845704
 492.0  1.156154   6.979842
 493.0  1.151205   7.059849
 494.0  1.142703   7.199417
 495.0  1.137071   7.293388
 496.0  1.128270   7.442697
 497.0  1.121038   7.567659
 498.0  1.111922   7.728198
 499.0  1.106677   7.822094
 500.0  1.099415   7.953992
 501.0  1.092733   8.077314
 502.0  1.086334   8.197216
 503.0  1.077473   8.366178
 504.0  1.071540   8.481243
 505.0  1.062954   8.650599
 506.0  1.054155   8.827658
 507.0  1.046011   8.994739
 508.0  1.036519   9.193497
 509.0  1.027244   9.391948
 510.0  1.019038   9.571104
 511.0  1.009389   9.786121
 512.0  1.000791   9.981796
 513.0  0.991587  10.195615
 514.0  0.981902  10.425524
 515.0  0.973127  10.638330
 516.0  0.963843  10.868191
 517.0  0.953879  11.120427
 518.0  0.946172  11.319510
 519.0  0.936470  11.575233
 520.0  0.928364  11.793329
 521.0  0.919542  12.035331
 522.0  0.910862  12.278294
 523.0  0.903029  12.501760
 524.0  0.894738  12.742710
 525.0  0.886586  12.984155
 526.0  0.879948  13.184145
 527.0  0.873696  13.375319
 528.0  0.869340  13.510150
 529.0  0.865181  13.640142
 530.0  0.839307  14.477494
 531.0  0.830408  14.777184
 532.0  0.822930  15.033831
 533.0  0.815130  15.306293
 534.0  0.807335  15.583516
 535.0  0.799540  15.865713
 536.0  0.792006  16.143372
 537.0  0.783934  16.446226
 538.0  0.776642  16.724688
 539.0  0.768857  17.027182
 540.0  0.761983  17.298834
 541.0  0.753929  17.622622
 542.0  0.746739  17.916836
 543.0  0.739191  18.230940
 544.0  0.732404  18.518097
 545.0  0.725158  18.829645
 546.0  0.718048  19.140450
 547.0  0.710856  19.460049
 548.0  0.704474  19.748138
 549.0  0.697394  20.072708
 550.0  0.690615  20.388491
 551.0  0.684088  20.697231
 552.0  0.677239  21.026207
 553.0  0.670529  21.353619
 554.0  0.664364  21.658882
 555.0  0.658089  21.974087
 556.0  0.651756  22.296860
 557.0  0.645489  22.620985
 558.0  0.639418  22.939396
 559.0  0.633390  23.260036
 560.0  0.627824  23.560015
 561.0  0.621896  23.883823
 562.0  0.616359  24.190313
 563.0  0.610786  24.502678
 564.0  0.605589  24.797682
 565.0  0.600034  25.116871
 566.0  0.594511  25.438345
 567.0  0.589507  25.733139
 568.0  0.583911  26.066887
 569.0  0.578622  26.386286
 570.0  0.573403  26.705278
 571.0  0.568252  27.023909
 572.0  0.563218  27.338953
 573.0  0.558344  27.647509
 574.0  0.553291  27.971083
 575.0  0.548404  28.287563
 576.0  0.543718  28.594452
 577.0  0.538995  28.907137
 578.0  0.534259  29.224077
 579.0  0.529650  29.535896
 580.0  0.525341  29.830393
 581.0  0.521197  30.116398
 582.0  0.517341  30.385015
 583.0  0.514029  30.617588
 584.0  0.511491  30.797029
 585.0  0.509732  30.921995
 586.0  0.096699  80.038857
 587.0  0.094944  80.363037
 588.0  0.096572  80.062256
 589.0  0.096117  80.146141
 590.0  0.098146  79.772591
 591.0  0.100339  79.370766
 592.0  0.104121  78.682701
 593.0  0.108251  77.937958
 594.0  0.112777  77.129921
 595.0  0.115925  76.572914
 596.0  0.127599  74.541954
 597.0  0.134821  73.312691
 598.0  0.146622  71.347382
 599.0  0.166555  68.146698
 600.0  0.183762  65.499565
 601.0  0.207372  62.033768
 602.0  0.231755  58.646839
 603.0  0.259378  55.032795
 604.0  0.284494  51.940453
 605.0  0.304951  49.550575
 606.0  0.323238  47.507427
 607.0  0.344245  45.264172
 608.0  0.350753  44.590996
 609.0  0.358334  43.819386
 610.0  0.371760  42.485394
 611.0  0.372769  42.386826
 612.0  0.373584  42.307365
 613.0  0.374877  42.181564
 614.0  0.375970  42.075558
 615.0  0.374926  42.176861
 616.0  0.373690  42.297089
 617.0  0.372721  42.391525
 618.0  0.365373  43.114838
 619.0  0.363078  43.343315
 620.0  0.360405  43.610851
 621.0  0.357279  43.925903
 622.0  0.355382  44.118214
 623.0  0.352355  44.426762
 624.0  0.350119  44.656097
 625.0  0.347962  44.878475
 626.0  0.345563  45.127064
 627.0  0.344425  45.245487
 628.0  0.334929  46.245674
 629.0  0.332017  46.556767
 630.0  0.329460  46.831669
 631.0  0.326443  47.158207
 632.0  0.323168  47.515160
 633.0  0.320403  47.818672
 634.0  0.317715  48.115467
 635.0  0.314719  48.448540
 636.0  0.311914  48.762466
 637.0  0.308666  49.128586
 638.0  0.306070  49.423107
 639.0  0.302903  49.784821
 640.0  0.300161  50.100201
 641.0  0.297633  50.392651
 642.0  0.294760  50.727097
 643.0  0.291783  51.076046
 644.0  0.289029  51.400959
 645.0  0.285991  51.761745
 646.0  0.283335  52.079288
 647.0  0.280784  52.386089
 648.0  0.278190  52.699951
 649.0  0.275305  53.051212
 650.0  0.272444  53.401752
 651.0  0.269329  53.786163
 652.0  0.266501  54.137562
 653.0  0.263686  54.489594
 654.0  0.261085  54.816917
 655.0  0.258543  55.138699
 656.0  0.255643  55.508179
 657.0  0.253434  55.791199
 658.0  0.251234  56.074524
 659.0  0.249503  56.298569
 660.0  0.248030  56.489754
 661.0  0.246607  56.675152
 662.0  0.240712  57.449787
 663.0  0.238439  57.751251
 664.0  0.236025  58.073151
 665.0  0.233243  58.446266
 666.0  0.231346  58.702148
 667.0  0.228842  59.041599
 668.0  0.226275  59.391651
 669.0  0.224713  59.605530
 670.0  0.221879  59.995754
 671.0  0.219892  60.270924
 672.0  0.218118  60.517632
 673.0  0.215813  60.839684
 674.0  0.213979  61.097206
 675.0  0.212081  61.364811
 676.0  0.209862  61.679115
 677.0  0.208091  61.931194
 678.0  0.206224  62.197876
 679.0  0.204176  62.491894
 680.0  0.202450  62.740803
 681.0  0.200469  63.027649
 682.0  0.198722  63.281662
 683.0  0.197032  63.528435
 684.0  0.195341  63.776218
 685.0  0.193561  64.038208
 686.0  0.191966  64.273827
 687.0  0.190084  64.553009
 688.0  0.188463  64.794319
 689.0  0.186944  65.021278
 690.0  0.185420  65.249916
 691.0  0.183892  65.479950
 692.0  0.182231  65.730858
 693.0  0.180738  65.957100
 694.0  0.179179  66.194366
 695.0  0.177732  66.415298
 696.0  0.176400  66.619301
 697.0  0.175045  66.827499
 698.0  0.173430  67.076370
 699.0  0.172047  67.290344
 700.0  0.170740  67.493248
 701.0  0.169707  67.653954
 702.0  0.168453  67.849556
 703.0  0.167066  68.066635
 704.0  0.165553  68.304161
 705.0  0.164135  68.527542
 706.0  0.163100  68.690987
 707.0  0.161997  68.865692
 708.0  0.160801  69.055611
 709.0  0.159511  69.261078
 710.0  0.158485  69.424866
 711.0  0.157486  69.584671
 712.0  0.156437  69.752975
 713.0  0.155054  69.975426
 714.0  0.154006  70.144577
 715.0  0.153019  70.304184
 716.0  0.151777  70.505554
 717.0  0.150792  70.665512
 718.0  0.149984  70.797264
 719.0  0.148909  70.972610
 720.0  0.147797  71.154663
 721.0  0.146917  71.298973
 722.0  0.146074  71.437393
 723.0  0.144933  71.625435
 724.0  0.143885  71.798454
 725.0  0.143001  71.944778
 726.0  0.142255  72.068390
 727.0  0.141186  72.246010
 728.0  0.140377  72.380730
 729.0  0.139544  72.519615
 730.0  0.138871  72.632172
 731.0  0.138084  72.763939
 732.0  0.137503  72.861313
 733.0  0.136603  73.012466
 734.0  0.135671  73.169250
 735.0  0.134957  73.289780
 736.0  0.134255  73.408241
 737.0  0.133533  73.530396
 738.0  0.132843  73.647385
 739.0  0.132002  73.790123
 740.0  0.131661  73.848114
 741.0  0.130846  73.986816
 742.0  0.129947  74.140121
 743.0  0.129431  74.228271
 744.0  0.128764  74.342354
 745.0  0.128284  74.424477
 746.0  0.127610  74.540047
 747.0  0.126889  74.663895
 748.0  0.126406  74.747025
 749.0  0.125748  74.860428
 750.0  0.125245  74.947136
 751.0  0.124725  75.036842
 752.0  0.123766  75.202850
 753.0  0.123101  75.317978
 754.0  0.122475  75.426613
 755.0  0.122121  75.488213
 756.0  0.121573  75.583527
 757.0  0.121021  75.679665
 758.0  0.120467  75.776154
 759.0  0.120104  75.839622
 760.0  0.119609  75.926125
 761.0  0.119006  76.031509
 762.0  0.118550  76.111526
 763.0  0.118096  76.191017
 764.0  0.117673  76.265297
 765.0  0.117306  76.329865
 766.0  0.116694  76.437439
 767.0  0.116382  76.492325
 768.0  0.115812  76.592796
 769.0  0.115242  76.693443
 770.0  0.114717  76.786232
 771.0  0.114072  76.900322
 772.0  0.113639  76.976959
 773.0  0.113166  77.060936
 774.0  0.112856  77.115906
 775.0  0.112261  77.221672
 776.0  0.111805  77.302742
 777.0  0.111350  77.383781
 778.0  0.110933  77.458099
 779.0  0.110749  77.491035
 780.0  0.110147  77.598465
 781.0  0.109577  77.700386
 782.0  0.109098  77.786110
 783.0  0.108852  77.830254
 784.0  0.108512  77.891060
 785.0  0.107866  78.007156
 786.0  0.107771  78.024223
 787.0  0.107327  78.103935
 788.0  0.106888  78.182884
 789.0  0.106371  78.276039
 790.0  0.105882  78.364265
 791.0  0.105320  78.465691
 792.0  0.105100  78.505501
 793.0  0.104728  78.572845
 794.0  0.104357  78.639885
 795.0  0.104132  78.680588
 796.0  0.103665  78.765381
 797.0  0.103321  78.827736
 798.0  0.103097  78.868340
 799.0  0.102911  78.902092
 800.0  0.102622  78.954742
 801.0  0.102286  79.015854
 802.0  0.101977  79.072052
 803.0  0.101611  79.138710
 804.0  0.101211  79.211601
 805.0  0.100901  79.268158
 806.0  0.100410  79.357803
 807.0  0.100060  79.421791
 808.0  0.099731  79.481956
 809.0  0.099463  79.531036
 810.0  0.098939  79.627129
 811.0  0.098362  79.732964
 812.0  0.098051  79.790108
 813.0  0.097686  79.857262
 814.0  0.097676  79.858971
 815.0  0.097324  79.923820
 816.0  0.096953  79.992165
 817.0  0.096645  80.048767
 818.0  0.096493  80.076790
 819.0  0.096485  80.078300
 820.0  0.096334  80.106117
 821.0  0.096045  80.159454
 822.0  0.095681  80.226791
 823.0  0.095386  80.281219
 824.0  0.094923  80.366920
 825.0  0.094682  80.411499
 826.0  0.094420  80.460068
 827.0  0.094255  80.490601
 828.0  0.094225  80.496208
 829.0  0.093919  80.552879
 830.0  0.093691  80.595078
 831.0  0.093449  80.640137
 832.0  0.093181  80.689957
 833.0  0.092751  80.769753
 834.0  0.092449  80.825974
 835.0  0.092437  80.828171
 836.0  0.091426  81.016617
 837.0  0.091117  81.074326
 838.0  0.090891  81.116417
 839.0  0.090643  81.162880
 840.0  0.090433  81.201981
 841.0  0.090296  81.227753
 842.0  0.090291  81.228668
 843.0  0.089912  81.299599
 844.0  0.089466  81.383125
 845.0  0.088949  81.479958
 846.0  0.088766  81.514275
 847.0  0.088572  81.550819
 848.0  0.088340  81.594261
 849.0  0.088221  81.616699
 850.0  0.088422  81.578987
 851.0  0.087970  81.663788
 852.0  0.087918  81.673584
 853.0  0.087553  81.742256
 854.0  0.087346  81.781242
 855.0  0.087243  81.800728
 856.0  0.086982  81.849937
 857.0  0.086405  81.958611
 858.0  0.086276  81.983093
 859.0  0.086147  82.007423
 860.0  0.085876  82.058563
 861.0  0.085588  82.113068
 862.0  0.085288  82.169724
 863.0  0.085259  82.175209
 864.0  0.084815  82.259224
 865.0  0.084644  82.291679
 866.0  0.084343  82.348732
 867.0  0.084207  82.374458
 868.0  0.083892  82.434334
 869.0  0.083731  82.464951
 870.0  0.083362  82.534996
 871.0  0.083154  82.574539
 872.0  0.082778  82.646126
 873.0  0.082595  82.680771
 874.0  0.082306  82.735893
 875.0  0.082128  82.769852
 876.0  0.081800  82.832428
 877.0  0.081587  82.872971
 878.0  0.081189  82.948967
 879.0  0.081075  82.970825
 880.0  0.081097  82.966568
 881.0  0.080840  83.015656
 882.0  0.080561  83.069038
 883.0  0.080175  83.142838
 884.0  0.079978  83.180527
 885.0  0.079836  83.207771
 886.0  0.079543  83.263855
 887.0  0.079336  83.303566
 888.0  0.079192  83.331329
 889.0  0.079178  83.333916
 890.0  0.078962  83.375374
 891.0  0.078624  83.440346
 892.0  0.078029  83.554764
 893.0  0.077706  83.616798
 894.0  0.077023  83.748444
 895.0  0.076557  83.838371
 896.0  0.076009  83.944229
 897.0  0.074956  84.148117
 898.0  0.073289  84.471649
 899.0  0.070914  84.934952
 900.0  0.067326  85.639534
