 WL        Abs       T%
 200.0  0.221252  60.082455
 201.0  0.186394  65.103767
 202.0  0.199942  63.104111
 203.0  0.184619  65.370331
 204.0  0.187524  64.934616
 205.0  0.200087  63.083084
 206.0  0.221731  60.016327
 207.0  0.197627  63.441425
 208.0  0.233685  58.386810
 209.0  0.215890  60.828880
 210.0  0.222610  59.894970
 211.0  0.195127  63.807652
 212.0  0.163037  68.700981
 213.0  0.215116  60.937359
 214.0  0.214952  60.960445
 215.0  0.177832  66.399918
 216.0  0.181503  65.841080
 217.0  0.155058  69.974930
 218.0  0.182534  65.684898
 219.0  0.188449  64.796448
 220.0  0.170882  67.471191
 221.0  0.195238  63.791309
 222.0  0.174474  66.915367
 223.0  0.179007  66.220535
 224.0  0.176846  66.550850
 225.0  0.206856  62.107441
 226.0  0.206929  62.097042
 227.0  0.211678  61.421772
 228.0  0.203842  62.540081
 229.0  0.216561  60.735050
 230.0  0.215958  60.819366
 231.0  0.206431  62.168297
 232.0  0.224598  59.621418
 233.0  0.220954  60.123783
 234.0  0.236351  58.029568
 235.0  0.233105  58.464813
 236.0  0.218706  60.435776
 237.0  0.222377  59.927071
 238.0  0.206089  62.217274
 239.0  0.217621  60.586910
 240.0  0.219867  60.274384
 241.0  0.203158  62.638592
 242.0  0.214945  60.961399
 243.0  0.234051  58.337708
 244.0  0.193938  63.982544
 245.0  0.251074  56.095230
 246.0  0.208960  61.807392
 247.0  0.201459  62.884064
 248.0  0.191029  64.412666
 249.0  0.228210  59.127522
 250.0  0.255066  55.582020
 251.0  0.216833  60.697002
 252.0  0.237820  57.833599
 253.0  0.210854  61.538433
 254.0  0.229459  58.957771
 255.0  0.243314  57.106621
 256.0  0.220631  60.168472
 257.0  0.245989  56.755856
 258.0  0.253512  55.781170
 259.0  0.230204  58.856777
 260.0  0.243529  57.078316
 261.0  0.229320  58.976582
 262.0  0.244090  57.004601
 263.0  0.243263  57.113312
 264.0  0.240080  57.533459
 265.0  0.267065  54.067379
 266.0  0.286876  51.656418
 267.0  0.299830  50.138393
 268.0  0.322854  47.549488
 269.0  0.363408  43.310421
 270.0  0.371838  42.477791
 271.0  0.416442  38.331699
 272.0  0.435625  36.675434
 273.0  0.465442  34.241936
 274.0  0.489077  32.428196
 275.0  0.502279  31.457239
 276.0  0.529750  29.529055
 277.0  0.544124  28.567778
 278.0  0.551529  28.084751
 279.0  0.562461  27.386684
 280.0  0.572539  26.758463
 281.0  0.579734  26.318811
 282.0  0.586612  25.905249
 283.0  0.594493  25.439421
 284.0  0.598474  25.207300
 285.0  0.604168  24.878965
 286.0  0.612299  24.417503
 287.0  0.617079  24.150227
 288.0  0.625676  23.676853
 289.0  0.632441  23.310902
 290.0  0.638934  22.964989
 291.0  0.645388  22.626232
 292.0  0.655408  22.110176
 293.0  0.664470  21.653603
 294.0  0.675598  21.105820
 295.0  0.687698  20.525896
 296.0  0.702628  19.832245
 297.0  0.726804  18.758408
 298.0  0.698953  20.000782
 299.0  0.706833  19.641165
 300.0  0.713482  19.342733
 301.0  0.718653  19.113794
 302.0  0.725637  18.808895
 303.0  0.732346  18.520548
 304.0  0.739145  18.232872
 305.0  0.746746  17.916527
 306.0  0.754365  17.604965
 307.0  0.762207  17.289919
 308.0  0.769049  17.019676
 309.0  0.773848  16.832619
 310.0  0.778837  16.640358
 311.0  0.807766  15.568035
 312.0  0.816541  15.256637
 313.0  0.823419  15.016909
 314.0  0.831839  14.728598
 315.0  0.841838  14.393362
 316.0  0.849844  14.130440
 317.0  0.856061  13.929605
 318.0  0.863197  13.702590
 319.0  0.870673  13.468742
 320.0  0.875155  13.330461
 321.0  0.880393  13.170647
 322.0  0.886923  12.974087
 323.0  0.890750  12.860259
 324.0  0.893922  12.766678
 325.0  0.898372  12.636526
 326.0  0.901885  12.534726
 327.0  0.903062  12.500799
 328.0  0.905876  12.420057
 329.0  0.908305  12.350786
 330.0  0.908181  12.354333
 331.0  0.909077  12.328864
 332.0  0.910326  12.293446
 333.0  0.909147  12.326884
 334.0  0.907735  12.367008
 335.0  0.905975  12.417228
 336.0  0.904169  12.468969
 337.0  0.901520  12.545262
 338.0  0.896575  12.688917
 339.0  0.835897  14.591588
 340.0  0.142070  72.099136
 341.0  0.150924  70.644180
 342.0  0.189067  64.704292
 343.0  0.135885  73.133293
 344.0  0.131712  73.839317
 345.0  0.119941  75.867981
 346.0  0.132267  73.745094
 347.0  0.180948  65.925209
 348.0  0.142711  71.992722
 349.0  0.142894  71.962532
 350.0  0.182390  65.706741
 351.0  0.193741  64.011620
 352.0  0.189832  64.590393
 353.0  0.199419  63.180248
 354.0  0.221004  60.116802
 355.0  0.232003  58.613384
 356.0  0.267659  53.993401
 357.0  0.269588  53.754166
 358.0  0.285344  51.838898
 359.0  0.292470  50.995327
 360.0  0.320171  47.844143
 361.0  0.337483  45.974506
 362.0  0.377269  41.949883
 363.0  0.373104  42.354107
 364.0  0.402931  39.542969
 365.0  0.412099  38.716957
 366.0  0.430885  37.077862
 367.0  0.451838  35.331463
 368.0  0.461167  34.580677
 369.0  0.453809  35.171467
 370.0  0.417198  38.264988
 371.0  0.229264  58.984257
 372.0  0.202605  62.718456
 373.0  0.194202  63.943745
 374.0  0.201200  62.921600
 375.0  0.190449  64.498741
 376.0  0.175621  66.738907
 377.0  0.196624  63.588184
 378.0  0.238409  57.755230
 379.0  0.182021  65.762672
 380.0  0.210793  61.547012
 381.0  0.206078  62.218914
 382.0  0.236933  57.951859
 383.0  0.199216  63.209774
 384.0  0.235102  58.196613
 385.0  0.209267  61.763672
 386.0  0.211962  61.381573
 387.0  0.190096  64.551170
 388.0  0.228355  59.107822
 389.0  0.197380  63.477551
 390.0  0.208735  61.839413
 391.0  0.209254  61.765450
 392.0  0.169342  67.710838
 393.0  0.164114  68.530777
 394.0  0.210010  61.658142
 395.0  0.234757  58.242844
 396.0  0.263651  54.494007
 397.0  0.254007  55.717709
 398.0  0.322586  47.578838
 399.0  0.346261  45.054569
 400.0  0.415419  38.422073
 401.0  0.466975  34.121239
 402.0  0.513211  30.675287
 403.0  0.587544  25.849710
 404.0  0.621013  23.932465
 405.0  0.679099  20.936354
 406.0  0.703682  19.784168
 407.0  0.749662  17.796633
 408.0  0.765985  17.140169
 409.0  0.803045  15.738196
 410.0  0.815748  15.284515
 411.0  0.846990  14.223608
 412.0  0.855568  13.945436
 413.0  0.877559  13.256865
 414.0  0.891043  12.851588
 415.0  0.898575  12.630624
 416.0  0.914104  12.186984
 417.0  0.928401  11.792323
 418.0  0.931770  11.701183
 419.0  0.941460  11.443011
 420.0  0.956674  11.049066
 421.0  0.965534  10.825948
 422.0  0.972169  10.661814
 423.0  0.988164  10.276286
 424.0  0.992442  10.175561
 425.0  1.008404   9.808343
 426.0  1.019121   9.569265
 427.0  1.037865   9.165055
 428.0  1.067829   8.554044
 429.0  1.097473   7.989645
 430.0  1.153447   7.023494
 431.0  1.046767   8.979112
 432.0  1.048570   8.941908
 433.0  1.045350   9.008445
 434.0  1.049764   8.917346
 435.0  1.049721   8.918227
 436.0  1.051864   8.874338
 437.0  1.053363   8.843769
 438.0  1.052364   8.864130
 439.0  1.055861   8.793049
 440.0  1.056080   8.788604
 441.0  1.054338   8.823935
 442.0  1.056016   8.789907
 443.0  1.054414   8.822384
 444.0  1.052493   8.861503
 445.0  1.053355   8.843929
 446.0  1.050749   8.897145
 447.0  1.045660   9.002013
 448.0  1.037116   9.180872
 449.0  1.027254   9.391742
 450.0  1.008562   9.804790
 451.0  0.878759  13.220304
 452.0  0.883755  13.069080
 453.0  0.900040  12.588094
 454.0  0.903273  12.494744
 455.0  0.916024  12.133219
 456.0  0.923764  11.918885
 457.0  0.929234  11.769722
 458.0  0.944596  11.360663
 459.0  0.952429  11.157613
 460.0  0.970984  10.690940
 461.0  0.987101  10.301469
 462.0  1.014958   9.661446
 463.0  1.037534   9.172031
 464.0  1.078147   8.353194
 465.0  1.136183   7.308310
 466.0  1.038815   9.145032
 467.0  1.045503   9.005270
 468.0  1.046996   8.974371
 469.0  1.055368   8.803035
 470.0  1.055681   8.796692
 471.0  1.057811   8.753649
 472.0  1.064186   8.626091
 473.0  1.064714   8.615605
 474.0  1.066524   8.579772
 475.0  1.069882   8.513700
 476.0  1.068566   8.539527
 477.0  1.081016   8.298207
 478.0  1.077714   8.361533
 479.0  1.074334   8.426870
 480.0  1.074310   8.427331
 481.0  1.067872   8.553189
 482.0  1.063108   8.647529
 483.0  1.060516   8.699285
 484.0  1.055999   8.790242
 485.0  1.048374   8.945931
 486.0  1.045004   9.015620
 487.0  1.037048   9.182311
 488.0  1.032143   9.286606
 489.0  1.024714   9.446834
 490.0  1.017451   9.606135
 491.0  1.010499   9.761150
 492.0  1.003109   9.928663
 493.0  0.994478  10.127950
 494.0  0.986019  10.327168
 495.0  0.977228  10.538325
 496.0  0.968808  10.744654
 497.0  0.960265  10.958093
 498.0  0.951028  11.193666
 499.0  0.931690  11.703355
 500.0  0.919351  12.040634
 501.0  0.907207  12.382049
 502.0  0.894313  12.755203
 503.0  0.880390  13.170726
 504.0  0.866900  13.586271
 505.0  0.851267  14.084211
 506.0  0.836060  14.586118
 507.0  0.819057  15.168517
 508.0  0.801703  15.786901
 509.0  0.784314  16.431828
 510.0  0.766033  17.138283
 511.0  0.748247  17.854702
 512.0  0.729417  18.645885
 513.0  0.711067  19.450596
 514.0  0.692150  20.316563
 515.0  0.673261  21.219669
 516.0  0.654235  22.169970
 517.0  0.635509  23.146795
 518.0  0.617101  24.148994
 519.0  0.599140  25.168638
 520.0  0.581745  26.197191
 521.0  0.565019  27.225843
 522.0  0.549460  28.218868
 523.0  0.534125  29.233110
 524.0  0.519704  30.220133
 525.0  0.506529  31.150896
 526.0  0.494337  32.037819
 527.0  0.484186  32.795475
 528.0  0.476065  33.414501
 529.0  0.470275  33.862946
 530.0  0.438834  36.405380
 531.0  0.428215  37.306561
 532.0  0.418011  38.193474
 533.0  0.409120  38.983398
 534.0  0.399901  39.819801
 535.0  0.391484  40.599106
 536.0  0.383618  41.341122
 537.0  0.375535  42.117756
 538.0  0.368590  42.796661
 539.0  0.361218  43.529369
 540.0  0.354659  44.191685
 541.0  0.347583  44.917667
 542.0  0.341162  45.586674
 543.0  0.335148  46.222324
 544.0  0.329364  46.842068
 545.0  0.323889  47.436333
 546.0  0.318077  48.075359
 547.0  0.312711  48.673084
 548.0  0.307514  49.259052
 549.0  0.302502  49.830811
 550.0  0.297736  50.380672
 551.0  0.293011  50.931816
 552.0  0.288183  51.501148
 553.0  0.283741  52.030605
 554.0  0.279328  52.562073
 555.0  0.275163  53.068485
 556.0  0.271150  53.561207
 557.0  0.267397  54.026077
 558.0  0.263441  54.520355
 559.0  0.259683  54.994274
 560.0  0.255959  55.467804
 561.0  0.252505  55.910763
 562.0  0.249114  56.349030
 563.0  0.245745  56.787800
 564.0  0.242662  57.192348
 565.0  0.239492  57.611320
 566.0  0.236304  58.035797
 567.0  0.233311  58.437202
 568.0  0.230330  58.839657
 569.0  0.227060  59.284283
 570.0  0.224101  59.689636
 571.0  0.221364  60.066971
 572.0  0.218811  60.421181
 573.0  0.216144  60.793396
 574.0  0.213590  61.151936
 575.0  0.211066  61.508270
 576.0  0.208677  61.847580
 577.0  0.206132  62.211128
 578.0  0.203656  62.566864
 579.0  0.201239  62.915916
 580.0  0.199028  63.237087
 581.0  0.197211  63.502228
 582.0  0.195429  63.763302
 583.0  0.193811  64.001373
 584.0  0.192665  64.170387
 585.0  0.192323  64.220940
 586.0  0.046710  89.802727
 587.0  0.047438  89.652336
 588.0  0.051955  88.724892
 589.0  0.044842  90.190018
 590.0  0.051311  88.856407
 591.0  0.051341  88.850311
 592.0  0.052855  88.541092
 593.0  0.053833  88.342049
 594.0  0.055609  87.981354
 595.0  0.057659  87.567123
 596.0  0.061702  86.755623
 597.0  0.066215  85.858879
 598.0  0.068371  85.433670
 599.0  0.073666  84.398361
 600.0  0.082588  82.682205
 601.0  0.091174  81.063667
 602.0  0.095993  80.169044
 603.0  0.107683  78.039902
 604.0  0.116622  76.450050
 605.0  0.123327  75.278893
 606.0  0.128724  74.349152
 607.0  0.133476  73.540077
 608.0  0.135564  73.187309
 609.0  0.138166  72.750153
 610.0  0.141427  72.205948
 611.0  0.141039  72.270447
 612.0  0.141920  72.124077
 613.0  0.141050  72.268745
 614.0  0.141971  72.115585
 615.0  0.141873  72.131775
 616.0  0.140934  72.287926
 617.0  0.140365  72.382759
 618.0  0.137527  72.857231
 619.0  0.137184  72.914909
 620.0  0.135919  73.127472
 621.0  0.135692  73.165741
 622.0  0.135298  73.232224
 623.0  0.134125  73.430191
 624.0  0.133493  73.537155
 625.0  0.133024  73.616623
 626.0  0.131770  73.829453
 627.0  0.131391  73.894043
 628.0  0.129180  74.271111
 629.0  0.128011  74.471291
 630.0  0.127487  74.561211
 631.0  0.127115  74.625191
 632.0  0.126340  74.758453
 633.0  0.125474  74.907562
 634.0  0.124688  75.043373
 635.0  0.123653  75.222420
 636.0  0.122865  75.359009
 637.0  0.122154  75.482452
 638.0  0.121942  75.519386
 639.0  0.121018  75.680229
 640.0  0.120377  75.791901
 641.0  0.120124  75.836105
 642.0  0.119228  75.992699
 643.0  0.118379  76.141449
 644.0  0.117716  76.257721
 645.0  0.116938  76.394463
 646.0  0.116184  76.527298
 647.0  0.115505  76.647057
 648.0  0.114969  76.741707
 649.0  0.114473  76.829346
 650.0  0.113758  76.955917
 651.0  0.112881  77.111465
 652.0  0.112385  77.199608
 653.0  0.111846  77.295509
 654.0  0.111042  77.438599
 655.0  0.110574  77.522118
 656.0  0.109484  77.716957
 657.0  0.108914  77.819099
 658.0  0.108363  77.917892
 659.0  0.107901  78.000793
 660.0  0.107602  78.054527
 661.0  0.107332  78.103050
 662.0  0.106194  78.308060
 663.0  0.105316  78.466484
 664.0  0.104779  78.563469
 665.0  0.104350  78.641136
 666.0  0.104221  78.664497
 667.0  0.103233  78.843773
 668.0  0.102608  78.957298
 669.0  0.101999  79.068016
 670.0  0.101020  79.246552
 671.0  0.100484  79.344437
 672.0  0.100043  79.424973
 673.0  0.099889  79.453209
 674.0  0.099184  79.582245
 675.0  0.098957  79.623810
 676.0  0.098508  79.706139
 677.0  0.097907  79.816566
 678.0  0.097761  79.843430
 679.0  0.096881  80.005295
 680.0  0.096687  80.041122
 681.0  0.095950  80.176994
 682.0  0.095605  80.240685
 683.0  0.095395  80.279503
 684.0  0.095203  80.315117
 685.0  0.094656  80.416351
 686.0  0.094328  80.477074
 687.0  0.093871  80.561768
 688.0  0.093451  80.639648
 689.0  0.093192  80.687874
 690.0  0.092941  80.734505
 691.0  0.092348  80.844742
 692.0  0.092036  80.902969
 693.0  0.091793  80.948082
 694.0  0.091330  81.034431
 695.0  0.090972  81.101364
 696.0  0.090722  81.148087
 697.0  0.090765  81.140022
 698.0  0.090187  81.247978
 699.0  0.089957  81.291168
 700.0  0.089493  81.378036
 701.0  0.089310  81.412308
 702.0  0.088982  81.473717
 703.0  0.088489  81.566353
 704.0  0.087878  81.681274
 705.0  0.087603  81.732964
 706.0  0.087258  81.797943
 707.0  0.087058  81.835472
 708.0  0.086923  81.860970
 709.0  0.086303  81.978004
 710.0  0.086185  82.000313
 711.0  0.085753  82.081741
 712.0  0.085347  82.158676
 713.0  0.084913  82.240646
 714.0  0.084681  82.284767
 715.0  0.084552  82.309097
 716.0  0.084221  82.371971
 717.0  0.083910  82.430870
 718.0  0.083678  82.474846
 719.0  0.083290  82.548615
 720.0  0.082942  82.614799
 721.0  0.082918  82.619385
 722.0  0.082542  82.690964
 723.0  0.082253  82.745979
 724.0  0.081988  82.796555
 725.0  0.081891  82.814919
 726.0  0.081550  82.880005
 727.0  0.081066  82.972374
 728.0  0.081024  82.980484
 729.0  0.080903  83.003647
 730.0  0.080612  83.059303
 731.0  0.080542  83.072716
 732.0  0.080465  83.087311
 733.0  0.080080  83.161003
 734.0  0.079702  83.233444
 735.0  0.079634  83.246422
 736.0  0.079587  83.255470
 737.0  0.079267  83.316879
 738.0  0.078848  83.397232
 739.0  0.078451  83.473518
 740.0  0.078414  83.480644
 741.0  0.078180  83.525665
 742.0  0.077855  83.588249
 743.0  0.077775  83.603653
 744.0  0.077613  83.634888
 745.0  0.077452  83.665749
 746.0  0.077052  83.742836
 747.0  0.076891  83.774010
 748.0  0.076907  83.770882
 749.0  0.076639  83.822495
 750.0  0.076391  83.870438
 751.0  0.076233  83.900925
 752.0  0.075852  83.974670
 753.0  0.075603  84.022720
 754.0  0.075430  84.056290
 755.0  0.075472  84.048050
 756.0  0.075166  84.107384
 757.0  0.074949  84.149483
 758.0  0.074768  84.184532
 759.0  0.074730  84.191879
 760.0  0.074481  84.240074
 761.0  0.074186  84.297302
 762.0  0.073996  84.334259
 763.0  0.073740  84.383911
 764.0  0.073626  84.406151
 765.0  0.073511  84.428505
 766.0  0.073302  84.469093
 767.0  0.073193  84.490288
 768.0  0.072965  84.534691
 769.0  0.072916  84.544273
 770.0  0.072690  84.588287
 771.0  0.072394  84.645821
 772.0  0.072060  84.710968
 773.0  0.071870  84.748016
 774.0  0.071833  84.755371
 775.0  0.071574  84.805801
 776.0  0.071375  84.844826
 777.0  0.071235  84.872032
 778.0  0.071059  84.906609
 779.0  0.071144  84.889809
 780.0  0.070867  84.944023
 781.0  0.070477  85.020393
 782.0  0.070232  85.068321
 783.0  0.070049  85.104286
 784.0  0.070174  85.079781
 785.0  0.069775  85.158005
 786.0  0.070024  85.109001
 787.0  0.069819  85.149193
 788.0  0.069459  85.219902
 789.0  0.069211  85.268623
 790.0  0.069040  85.302193
 791.0  0.068623  85.384155
 792.0  0.068519  85.404640
 793.0  0.068401  85.427734
 794.0  0.068222  85.462990
 795.0  0.068057  85.495506
 796.0  0.067689  85.568008
 797.0  0.067583  85.588722
 798.0  0.067571  85.591095
 799.0  0.067369  85.630951
 800.0  0.067256  85.653358
 801.0  0.067150  85.674095
 802.0  0.067104  85.683174
 803.0  0.067143  85.675484
 804.0  0.066836  85.736198
 805.0  0.066603  85.782082
 806.0  0.066515  85.799507
 807.0  0.066173  85.867081
 808.0  0.066067  85.888107
 809.0  0.066014  85.898621
 810.0  0.065700  85.960724
 811.0  0.065565  85.987534
 812.0  0.065473  86.005592
 813.0  0.065234  86.053055
 814.0  0.065155  86.068718
 815.0  0.064759  86.147209
 816.0  0.064557  86.187256
 817.0  0.064341  86.230133
 818.0  0.064112  86.275658
 819.0  0.064147  86.268654
 820.0  0.064142  86.269646
 821.0  0.064009  86.296074
 822.0  0.063747  86.348206
 823.0  0.063402  86.416733
 824.0  0.063520  86.393318
 825.0  0.063385  86.420242
 826.0  0.063201  86.456680
 827.0  0.063172  86.462547
 828.0  0.063182  86.460503
 829.0  0.063025  86.491905
 830.0  0.062647  86.567177
 831.0  0.062665  86.563614
 832.0  0.062529  86.590706
 833.0  0.062446  86.607201
 834.0  0.062169  86.662422
 835.0  0.062240  86.648239
 836.0  0.061422  86.811653
 837.0  0.061330  86.829979
 838.0  0.061274  86.841202
 839.0  0.060900  86.916008
 840.0  0.060864  86.923286
 841.0  0.060759  86.944214
 842.0  0.060920  86.912048
 843.0  0.060940  86.908089
 844.0  0.060626  86.970856
 845.0  0.060166  87.062981
 846.0  0.060026  87.091087
 847.0  0.060071  87.082024
 848.0  0.060022  87.091904
 849.0  0.059922  87.111938
 850.0  0.060009  87.094505
 851.0  0.059705  87.155563
 852.0  0.059551  87.186378
 853.0  0.059308  87.235237
 854.0  0.059206  87.255737
 855.0  0.059116  87.273796
 856.0  0.059095  87.278061
 857.0  0.058797  87.337906
 858.0  0.058777  87.341881
 859.0  0.058682  87.360992
 860.0  0.058511  87.395554
 861.0  0.058312  87.435455
 862.0  0.058036  87.491135
 863.0  0.058071  87.484146
 864.0  0.058005  87.497444
 865.0  0.058074  87.483498
 866.0  0.057955  87.507439
 867.0  0.057909  87.516708
 868.0  0.057779  87.542969
 869.0  0.057651  87.568642
 870.0  0.057367  87.626060
 871.0  0.057207  87.658195
 872.0  0.056928  87.714661
 873.0  0.056832  87.734024
 874.0  0.056561  87.788803
 875.0  0.056395  87.822426
 876.0  0.056153  87.871376
 877.0  0.056088  87.884354
 878.0  0.055946  87.913162
 879.0  0.055966  87.909180
 880.0  0.055734  87.956169
 881.0  0.055491  88.005318
 882.0  0.055318  88.040497
 883.0  0.055190  88.066307
 884.0  0.055042  88.096382
 885.0  0.054989  88.107048
 886.0  0.055026  88.099533
 887.0  0.054916  88.121948
 888.0  0.054846  88.136124
 889.0  0.054948  88.115349
 890.0  0.054727  88.160324
 891.0  0.054380  88.230698
 892.0  0.053977  88.312637
 893.0  0.053772  88.354370
 894.0  0.053440  88.421837
 895.0  0.052937  88.524368
 896.0  0.052422  88.629501
 897.0  0.051438  88.830460
 898.0  0.049837  89.158600
 899.0  0.047485  89.642769
 900.0  0.043837  90.398880
