"Au sample deposited by Zr for 20 min   "
TotalNumOfRegions=4
Region=1
"O 1s"
Npoints=241
     537.691     16978.000
     537.641     17076.000
     537.591     17065.300
     537.541     17304.700
     537.491     17156.700
     537.441     17154.000
     537.391     17256.700
     537.341     17045.300
     537.291     17119.300
     537.241     17054.700
     537.191     17322.700
     537.141     17086.700
     537.091     17119.300
     537.041     16996.700
     536.991     17238.000
     536.941     16938.000
     536.891     17143.300
     536.841     17165.300
     536.791     17129.300
     536.741     17219.300
     536.691     17067.300
     536.641     17052.000
     536.591     16920.000
     536.541     17155.300
     536.491     16947.300
     536.441     17097.300
     536.391     16976.000
     536.341     16768.000
     536.291     16984.700
     536.241     16976.700
     536.191     17036.000
     536.141     17219.300
     536.091     17262.700
     536.041     17110.700
     535.991     17241.300
     535.941     16936.000
     535.891     17384.000
     535.841     17179.300
     535.791     17034.700
     535.741     16930.700
     535.691     17052.700
     535.641     17348.700
     535.591     17221.300
     535.541     17121.300
     535.491     17086.000
     535.441     17077.300
     535.391     17048.700
     535.341     17266.700
     535.291     17431.300
     535.241     17023.300
     535.191     17084.000
     535.141     17388.700
     535.091     17297.300
     535.041     17353.300
     534.991     17121.300
     534.941     17522.000
     534.891     17250.700
     534.841     17442.000
     534.791     17419.300
     534.741     17276.700
     534.691     17374.000
     534.641     17380.000
     534.591     17491.300
     534.541     17284.000
     534.491     17728.000
     534.441     17436.000
     534.391     17438.700
     534.341     17392.000
     534.291     17470.000
     534.241     17566.700
     534.191     17668.000
     534.141     17692.700
     534.091     17534.700
     534.041     17644.700
     533.991     17635.300
     533.941     17748.700
     533.891     17705.300
     533.841     17666.700
     533.791     17914.000
     533.741     17962.700
     533.691     17945.300
     533.641     18047.300
     533.591     18184.700
     533.541     17982.000
     533.491     18113.300
     533.441     18203.300
     533.391     18308.700
     533.341     18342.700
     533.291     18399.300
     533.241     18518.000
     533.191     18555.300
     533.141     18586.000
     533.091     18677.300
     533.041     18973.300
     532.991     18923.300
     532.941     18926.000
     532.891     19166.000
     532.841     19386.700
     532.791     19474.700
     532.741     19778.700
     532.691     19779.300
     532.641     20248.000
     532.591     20308.000
     532.541     20556.000
     532.491     20763.300
     532.441     20925.300
     532.391     21181.300
     532.341     21548.000
     532.291     21745.300
     532.241     21964.700
     532.191     22742.000
     532.141     23194.000
     532.091     23368.000
     532.041     23722.000
     531.991     24330.700
     531.941     24531.300
     531.891     25136.000
     531.841     25441.300
     531.791     26032.700
     531.741     26056.000
     531.691     26248.700
     531.641     26698.700
     531.591     27048.700
     531.541     27608.000
     531.491     27709.300
     531.441     27532.000
     531.391     27414.700
     531.341     27785.300
     531.291     27790.000
     531.241     27730.700
     531.191     27119.300
     531.141     26800.700
     531.091     26457.300
     531.041     26127.300
     530.991     25932.000
     530.941     25338.000
     530.891     24686.700
     530.841     24056.700
     530.791     23939.300
     530.741     23105.300
     530.691     22730.700
     530.641     22038.700
     530.591     21742.700
     530.541     21142.000
     530.491     20806.700
     530.441     20348.000
     530.391     20145.300
     530.341     19858.700
     530.291     19492.000
     530.241     18902.000
     530.191     18818.000
     530.141     18598.700
     530.091     18548.700
     530.041     18131.300
     529.991     18048.700
     529.941     17775.300
     529.891     17732.000
     529.841     17523.300
     529.791     17374.700
     529.741     17420.700
     529.691     17096.700
     529.641     17055.300
     529.591     17148.700
     529.541     16959.300
     529.491     17072.000
     529.441     16868.700
     529.391     16770.700
     529.341     16576.000
     529.291     17039.300
     529.241     16814.000
     529.191     16755.300
     529.141     16516.000
     529.091     16762.000
     529.041     16648.700
     528.991     16554.000
     528.941     16843.300
     528.891     16730.700
     528.841     16438.000
     528.791     16599.300
     528.741     16737.300
     528.691     16516.700
     528.641     16384.000
     528.591     16401.300
     528.541     16414.000
     528.491     16439.300
     528.441     16205.300
     528.391     16556.700
     528.341     16380.700
     528.291     16520.700
     528.241     16515.300
     528.191     16412.000
     528.141     16336.700
     528.091     16519.300
     528.041     16374.700
     527.991     16394.000
     527.941     16367.300
     527.891     16431.300
     527.841     16275.300
     527.791     16350.000
     527.741     16418.700
     527.691     16299.300
     527.641     16362.000
     527.591     16564.700
     527.541     16385.300
     527.491     16472.000
     527.441     16726.000
     527.391     16350.700
     527.341     16417.300
     527.291     16438.000
     527.241     16526.700
     527.191     16410.700
     527.141     16320.000
     527.091     16314.000
     527.041     16345.300
     526.991     16272.700
     526.941     16235.300
     526.891     16464.000
     526.841     16263.300
     526.791     16340.700
     526.741     16194.000
     526.691     16496.000
     526.641     16144.000
     526.591     16305.300
     526.541     16142.700
     526.491     16240.000
     526.441     16196.700
     526.391     16373.300
     526.341     16345.300
     526.291     16424.700
     526.241     16222.700
     526.191     16369.300
     526.141     16158.700
     526.091     16350.700
     526.041     16234.700
     525.991     16298.000
     525.941     16267.300
     525.891     16285.300
     525.841     16175.300
     525.791     16279.300
     525.741     16512.000
     525.691     16365.300
Region=2
"C 1s"
Npoints=381
     293.631      9316.000
     293.581      9418.000
     293.531      9453.330
     293.481      9460.000
     293.431      9450.000
     293.381      9272.670
     293.331      9484.670
     293.281      9426.000
     293.231      9248.000
     293.181      9310.670
     293.131      9418.670
     293.081      9460.670
     293.031      9456.000
     292.981      9424.670
     292.931      9419.330
     292.881      9290.000
     292.831      9241.330
     292.781      9294.670
     292.731      9380.000
     292.681      9434.000
     292.631      9359.330
     292.581      9359.330
     292.531      9405.330
     292.481      9346.670
     292.431      9421.330
     292.381      9387.330
     292.331      9517.330
     292.281      9440.670
     292.231      9315.330
     292.181      9529.330
     292.131      9383.330
     292.081      9415.330
     292.031      9351.330
     291.981      9424.670
     291.931      9367.330
     291.881      9375.330
     291.831      9501.330
     291.781      9539.330
     291.731      9399.330
     291.681      9532.670
     291.631      9539.330
     291.581      9223.330
     291.531      9376.000
     291.481      9390.670
     291.431      9386.670
     291.381      9288.000
     291.331      9409.330
     291.281      9340.670
     291.231      9301.330
     291.181      9362.670
     291.131      9416.670
     291.081      9200.670
     291.031      9412.000
     290.981      9275.330
     290.931      9394.000
     290.881      9300.000
     290.831      9368.670
     290.781      9409.330
     290.731      9245.330
     290.681      9506.670
     290.631      9464.670
     290.581      9448.000
     290.531      9504.670
     290.481      9276.670
     290.431      9490.670
     290.381      9387.330
     290.331      9369.330
     290.281      9404.670
     290.231      9284.000
     290.181      9501.330
     290.131      9420.000
     290.081      9538.000
     290.031      9453.330
     289.981      9560.000
     289.931      9510.670
     289.881      9386.000
     289.831      9404.670
     289.781      9262.000
     289.731      9404.000
     289.681      9452.670
     289.631      9610.670
     289.581      9490.000
     289.531      9646.670
     289.481      9438.000
     289.431      9640.000
     289.381      9346.000
     289.331      9633.330
     289.281      9563.330
     289.231      9372.670
     289.181      9414.670
     289.131      9367.330
     289.081      9582.000
     289.031      9586.000
     288.981      9572.670
     288.931      9314.000
     288.881      9595.330
     288.831      9472.670
     288.781      9576.670
     288.731      9457.330
     288.681      9598.000
     288.631      9354.670
     288.581      9394.670
     288.531      9507.330
     288.481      9494.670
     288.431      9544.000
     288.381      9453.330
     288.331      9621.330
     288.281      9514.670
     288.231      9459.330
     288.181      9436.670
     288.131      9554.000
     288.081      9528.670
     288.031      9466.000
     287.981      9499.330
     287.931      9516.000
     287.881      9428.000
     287.831      9550.670
     287.781      9476.670
     287.731      9515.330
     287.681      9630.000
     287.631      9600.000
     287.581      9394.670
     287.531      9466.000
     287.481      9676.670
     287.431      9602.000
     287.381      9334.000
     287.331      9379.330
     287.281      9700.000
     287.231      9638.000
     287.181      9504.670
     287.131      9429.330
     287.081      9520.000
     287.031      9555.330
     286.981      9641.330
     286.931      9618.000
     286.881      9718.670
     286.831      9615.330
     286.781      9640.000
     286.731      9622.670
     286.681      9578.000
     286.631      9553.330
     286.581      9836.000
     286.531      9672.000
     286.481      9617.330
     286.431      9787.330
     286.381      9714.000
     286.331      9524.000
     286.281      9756.670
     286.231      9705.330
     286.181      9772.670
     286.131      9820.670
     286.081      9824.670
     286.031      9802.670
     285.981      9956.670
     285.931      9878.670
     285.881      9917.330
     285.831     10010.700
     285.781     10001.300
     285.731     10029.300
     285.681      9964.000
     285.631     10094.000
     285.581     10044.700
     285.531     10006.700
     285.481     10086.000
     285.431     10212.000
     285.381     10112.000
     285.331     10282.000
     285.281     10126.000
     285.231     10324.000
     285.181     10370.700
     285.131     10456.000
     285.081     10183.300
     285.031     10403.300
     284.981     10332.700
     284.931     10390.000
     284.881     10394.000
     284.831     10432.700
     284.781     10348.000
     284.731     10560.700
     284.681     10384.700
     284.631     10284.700
     284.581     10512.000
     284.531     10415.300
     284.481     10198.700
     284.431     10459.300
     284.381     10354.700
     284.331     10401.300
     284.281     10280.000
     284.231     10182.700
     284.181     10161.300
     284.131     10182.000
     284.081     10133.300
     284.031     10282.000
     283.981     10230.700
     283.931     10099.300
     283.881     10237.300
     283.831     10114.700
     283.781     10181.300
     283.731      9936.670
     283.681      9927.330
     283.631     10133.300
     283.581     10118.000
     283.531     10100.000
     283.481     10034.700
     283.431      9872.000
     283.381     10000.700
     283.331      9994.000
     283.281      9936.670
     283.231     10015.300
     283.181     10174.000
     283.131     10015.300
     283.081     10002.000
     283.031     10049.300
     282.981      9910.670
     282.931     10176.700
     282.881      9988.670
     282.831     10122.700
     282.781     10039.300
     282.731      9934.000
     282.681     10114.000
     282.631     10229.300
     282.581     10062.000
     282.531     10104.700
     282.481     10162.000
     282.431     10042.000
     282.381     10168.700
     282.331     10064.000
     282.281     10098.000
     282.231     10132.000
     282.181     10120.000
     282.131     10040.000
     282.081      9988.000
     282.031     10025.300
     281.981      9968.670
     281.931      9948.670
     281.881      9830.670
     281.831      9794.000
     281.781      9739.330
     281.731      9578.670
     281.681      9585.330
     281.631      9584.670
     281.581      9507.330
     281.531      9414.000
     281.481      9387.330
     281.431      9284.000
     281.381      9322.670
     281.331      9302.000
     281.281      9444.000
     281.231      9272.670
     281.181      9325.330
     281.131      9324.670
     281.081      9282.000
     281.031      9387.330
     280.981      9316.000
     280.931      9425.330
     280.881      9140.000
     280.831      9261.330
     280.781      9253.330
     280.731      9314.000
     280.681      9356.670
     280.631      9247.330
     280.581      9268.670
     280.531      9142.000
     280.481      9373.330
     280.431      9186.670
     280.381      9144.670
     280.331      9132.670
     280.281      9197.330
     280.231      9174.670
     280.181      9146.670
     280.131      9189.330
     280.081      9326.670
     280.031      9398.000
     279.981      9204.000
     279.931      9181.330
     279.881      9334.000
     279.831      9210.670
     279.781      9186.670
     279.731      9313.330
     279.681      9306.000
     279.631      9286.670
     279.581      9254.000
     279.531      9162.670
     279.481      9277.330
     279.431      9149.330
     279.381      9284.000
     279.331      8973.330
     279.281      9248.670
     279.231      9164.000
     279.181      9178.000
     279.131      9050.670
     279.081      9219.330
     279.031      9189.330
     278.981      9080.000
     278.931      9252.670
     278.881      9256.670
     278.831      9076.000
     278.781      9147.330
     278.731      9103.330
     278.681      9208.000
     278.631      9224.670
     278.581      9198.670
     278.531      9077.330
     278.481      9134.670
     278.431      9212.670
     278.381      9256.670
     278.331      9204.000
     278.281      9112.000
     278.231      9208.670
     278.181      9200.670
     278.131      9079.330
     278.081      9092.670
     278.031      9298.670
     277.981      9153.330
     277.931      9269.330
     277.881      9207.330
     277.831      9168.000
     277.781      9214.670
     277.731      9222.670
     277.681      9331.330
     277.631      9276.000
     277.581      9203.330
     277.531      9227.330
     277.481      9334.000
     277.431      9159.330
     277.381      9227.330
     277.331      9170.000
     277.281      9255.330
     277.231      9338.670
     277.181      9354.000
     277.131      9212.670
     277.081      9056.000
     277.031      9361.330
     276.981      9197.330
     276.931      9199.330
     276.881      9209.330
     276.831      9214.000
     276.781      9375.330
     276.731      9234.000
     276.681      9279.330
     276.631      9266.000
     276.581      9190.000
     276.531      9183.330
     276.481      9084.000
     276.431      9114.000
     276.381      9082.000
     276.331      9332.670
     276.281      9339.330
     276.231      9382.670
     276.181      9286.670
     276.131      9344.670
     276.081      9153.330
     276.031      9195.330
     275.981      9234.000
     275.931      9383.330
     275.881      9288.000
     275.831      9235.330
     275.781      9288.000
     275.731      9330.670
     275.681      9124.670
     275.631      9322.000
     275.581      9290.670
     275.531      9206.670
     275.481      9282.670
     275.431      9166.670
     275.381      9202.670
     275.331      9136.670
     275.281      9158.670
     275.231      9162.670
     275.181      9177.330
     275.131      9188.670
     275.081      9286.000
     275.031      9241.330
     274.981      9264.670
     274.931      9416.670
     274.881      9163.330
     274.831      9142.000
     274.781      9343.330
     274.731      9247.330
     274.681      9066.000
     274.631      9222.670
Region=3
"Zr 3d"
Npoints=641
     191.691     10276.700
     191.666     10201.300
     191.641     10281.300
     191.616     10272.000
     191.591     10168.000
     191.566     10206.000
     191.541     10219.300
     191.516     10164.000
     191.491     10306.700
     191.466     10141.300
     191.441     10026.000
     191.416     10256.000
     191.391     10054.000
     191.366     10007.300
     191.341     10286.000
     191.316     10220.000
     191.291     10204.000
     191.266     10140.700
     191.241     10154.700
     191.216     10220.700
     191.191     10092.700
     191.166     10056.000
     191.141     10324.700
     191.116     10246.000
     191.091     10112.700
     191.066     10429.300
     191.041     10211.300
     191.016     10200.000
     190.991     10110.700
     190.966     10263.300
     190.941     10180.700
     190.916     10253.300
     190.891     10118.700
     190.866     10030.000
     190.841     10300.700
     190.816     10342.000
     190.791     10468.700
     190.766     10245.300
     190.741     10293.300
     190.716     10158.000
     190.691     10117.300
     190.666     10048.700
     190.641     10368.000
     190.616     10316.000
     190.591     10178.000
     190.566     10258.700
     190.541     10333.300
     190.516     10190.000
     190.491     10112.000
     190.466     10310.700
     190.441     10243.300
     190.416     10058.000
     190.391     10106.000
     190.366     10290.700
     190.341     10030.000
     190.316     10166.000
     190.291     10240.000
     190.266     10162.000
     190.241     10214.000
     190.216     10250.000
     190.191     10017.300
     190.166     10235.300
     190.141     10328.700
     190.116     10199.300
     190.091     10141.300
     190.066     10229.300
     190.041     10284.700
     190.016     10436.000
     189.991     10207.300
     189.966     10202.000
     189.941     10244.000
     189.916     10302.000
     189.891     10346.700
     189.866     10147.300
     189.841     10196.700
     189.816     10232.700
     189.791     10200.000
     189.766     10306.700
     189.741     10142.700
     189.716     10136.700
     189.691     10208.000
     189.666     10315.300
     189.641     10279.300
     189.616     10374.000
     189.591     10296.000
     189.566     10206.000
     189.541     10248.700
     189.516     10240.700
     189.491     10284.700
     189.466     10408.000
     189.441     10275.300
     189.416     10324.700
     189.391     10226.000
     189.366     10134.700
     189.341     10300.000
     189.316     10380.000
     189.291     10228.700
     189.266     10336.000
     189.241     10357.300
     189.216     10248.000
     189.191     10476.000
     189.166     10435.300
     189.141     10295.300
     189.116     10451.300
     189.091     10370.000
     189.066     10292.000
     189.041     10484.700
     189.016     10421.300
     188.991     10284.000
     188.966     10194.000
     188.941     10529.300
     188.916     10252.700
     188.891     10490.700
     188.866     10223.300
     188.841     10613.300
     188.816     10459.300
     188.791     10569.300
     188.766     10426.700
     188.741     10562.000
     188.716     10212.000
     188.691     10290.700
     188.666     10496.700
     188.641     10432.000
     188.616     10510.700
     188.591     10360.000
     188.566     10594.700
     188.541     10365.300
     188.516     10366.700
     188.491     10417.300
     188.466     10414.000
     188.441     10530.000
     188.416     10498.000
     188.391     10446.700
     188.366     10362.700
     188.341     10438.700
     188.316     10478.700
     188.291     10559.300
     188.266     10725.300
     188.241     10568.700
     188.216     10454.700
     188.191     10530.700
     188.166     10444.000
     188.141     10536.700
     188.116     10548.700
     188.091     10633.300
     188.066     10458.700
     188.041     10572.700
     188.016     10396.700
     187.991     10498.000
     187.966     10592.000
     187.941     10656.000
     187.916     10555.300
     187.891     10580.700
     187.866     10591.300
     187.841     10482.700
     187.816     10556.000
     187.791     10743.300
     187.766     10650.000
     187.741     10734.700
     187.716     10661.300
     187.691     10880.000
     187.666     10918.700
     187.641     10888.000
     187.616     10773.300
     187.591     10823.300
     187.566     10730.700
     187.541     10837.300
     187.516     10838.000
     187.491     10941.300
     187.466     10692.700
     187.441     10864.000
     187.416     10812.700
     187.391     10970.000
     187.366     10854.000
     187.341     10769.300
     187.316     10942.000
     187.291     11014.700
     187.266     10844.700
     187.241     10996.000
     187.216     11091.300
     187.191     11058.000
     187.166     11046.000
     187.141     10914.000
     187.116     11158.000
     187.091     11305.300
     187.066     11112.700
     187.041     11168.700
     187.016     11225.300
     186.991     11178.000
     186.966     11242.700
     186.941     11242.000
     186.916     11340.700
     186.891     11422.700
     186.866     11268.700
     186.841     11483.300
     186.816     11351.300
     186.791     11382.700
     186.766     11424.700
     186.741     11533.300
     186.716     11710.700
     186.691     11648.700
     186.666     11592.700
     186.641     11756.700
     186.616     11736.700
     186.591     11881.300
     186.566     11900.700
     186.541     11794.000
     186.516     11993.300
     186.491     12040.700
     186.466     11924.000
     186.441     11912.700
     186.416     11835.300
     186.391     11990.700
     186.366     12020.000
     186.341     12134.700
     186.316     12310.000
     186.291     12560.000
     186.266     12311.300
     186.241     12399.300
     186.216     12448.700
     186.191     12676.700
     186.166     12639.300
     186.141     12848.700
     186.116     12803.300
     186.091     12881.300
     186.066     12785.300
     186.041     12902.000
     186.016     12958.000
     185.991     13111.300
     185.966     13174.700
     185.941     13400.700
     185.916     13352.700
     185.891     13353.300
     185.866     13509.300
     185.841     13716.700
     185.816     13799.300
     185.791     13834.700
     185.766     14184.700
     185.741     13872.000
     185.716     14052.700
     185.691     14048.000
     185.666     14358.000
     185.641     14272.700
     185.616     14428.000
     185.591     14423.300
     185.566     14454.000
     185.541     14291.300
     185.516     14479.300
     185.491     14671.300
     185.466     14708.700
     185.441     14762.000
     185.416     14690.000
     185.391     14924.000
     185.366     14950.000
     185.341     14898.700
     185.316     14952.700
     185.291     14808.700
     185.266     14898.000
     185.241     14984.700
     185.216     15044.000
     185.191     15038.700
     185.166     15045.300
     185.141     15005.300
     185.116     15012.000
     185.091     15109.300
     185.066     15082.700
     185.041     15104.700
     185.016     15101.300
     184.991     15014.000
     184.966     15064.700
     184.941     14950.000
     184.916     15081.300
     184.891     14990.700
     184.866     15065.300
     184.841     15042.700
     184.816     14886.700
     184.791     15027.300
     184.766     14904.000
     184.741     15013.300
     184.716     14977.300
     184.691     15072.000
     184.666     14806.700
     184.641     14918.700
     184.616     14862.000
     184.591     14862.000
     184.566     14972.000
     184.541     15031.300
     184.516     15083.300
     184.491     14819.300
     184.466     14986.700
     184.441     14875.300
     184.416     14677.300
     184.391     14986.000
     184.366     15050.000
     184.341     15042.700
     184.316     14822.700
     184.291     14952.000
     184.266     14964.000
     184.241     14975.300
     184.216     14960.700
     184.191     15145.300
     184.166     14994.700
     184.141     15176.700
     184.116     15222.700
     184.091     15160.700
     184.066     15099.300
     184.041     15461.300
     184.016     15361.300
     183.991     15450.700
     183.966     15671.300
     183.941     15628.700
     183.916     15624.000
     183.891     15614.000
     183.866     15735.300
     183.841     16060.000
     183.816     16094.000
     183.791     16118.700
     183.766     16082.000
     183.741     16241.300
     183.716     16280.700
     183.691     16239.300
     183.666     16598.700
     183.641     16706.000
     183.616     16540.700
     183.591     16742.000
     183.566     16816.000
     183.541     17071.300
     183.516     16904.700
     183.491     17133.300
     183.466     17126.700
     183.441     17334.000
     183.416     17515.300
     183.391     17559.300
     183.366     17426.700
     183.341     17843.300
     183.316     17520.000
     183.291     17866.000
     183.266     18009.300
     183.241     18084.700
     183.216     18124.000
     183.191     18078.700
     183.166     18082.700
     183.141     18305.300
     183.116     18407.300
     183.091     18598.700
     183.066     18467.300
     183.041     18579.300
     183.016     18466.700
     182.991     18546.700
     182.966     18580.000
     182.941     18562.000
     182.916     18502.700
     182.891     18621.300
     182.866     18542.000
     182.841     18866.700
     182.816     18681.300
     182.791     18814.700
     182.766     18613.300
     182.741     18534.000
     182.716     18746.000
     182.691     18860.700
     182.666     18413.300
     182.641     18480.000
     182.616     18473.300
     182.591     18514.000
     182.566     18490.700
     182.541     18404.700
     182.516     18338.700
     182.491     18139.300
     182.466     18244.700
     182.441     18122.700
     182.416     18020.000
     182.391     17714.000
     182.366     17782.000
     182.341     17784.700
     182.316     17870.000
     182.291     17665.300
     182.266     17637.300
     182.241     17403.300
     182.216     17416.700
     182.191     17285.300
     182.166     17169.300
     182.141     17026.000
     182.116     16991.300
     182.091     16974.000
     182.066     16993.300
     182.041     16906.700
     182.016     16518.700
     181.991     16621.300
     181.966     16362.700
     181.941     16568.000
     181.916     16161.300
     181.891     16230.000
     181.866     16214.700
     181.841     16063.300
     181.816     16144.700
     181.791     15990.000
     181.766     15883.300
     181.741     15824.000
     181.716     15702.700
     181.691     15470.000
     181.666     15752.700
     181.641     15650.000
     181.616     15400.700
     181.591     15531.300
     181.566     15318.700
     181.541     15232.000
     181.516     14966.700
     181.491     14822.000
     181.466     14974.700
     181.441     14920.700
     181.416     14762.700
     181.391     14630.700
     181.366     14673.300
     181.341     14588.000
     181.316     14554.700
     181.291     14402.000
     181.266     14656.000
     181.241     14457.300
     181.216     14440.700
     181.191     14206.700
     181.166     14113.300
     181.141     14368.700
     181.116     14159.300
     181.091     14051.300
     181.066     14214.700
     181.041     14182.700
     181.016     14146.700
     180.991     14022.000
     180.966     13984.000
     180.941     13871.300
     180.916     14060.000
     180.891     13982.700
     180.866     13890.700
     180.841     13701.300
     180.816     13897.300
     180.791     13724.000
     180.766     13786.700
     180.741     13760.000
     180.716     13960.700
     180.691     13739.300
     180.666     13636.000
     180.641     13818.700
     180.616     13625.300
     180.591     13751.300
     180.566     13721.300
     180.541     13773.300
     180.516     13520.000
     180.491     13554.700
     180.466     13554.000
     180.441     13546.000
     180.416     13642.700
     180.391     13515.300
     180.366     13544.700
     180.341     13508.000
     180.316     13533.300
     180.291     13601.300
     180.266     13515.300
     180.241     13526.000
     180.216     13398.700
     180.191     13449.300
     180.166     13473.300
     180.141     13500.700
     180.116     13516.000
     180.091     13262.700
     180.066     13409.300
     180.041     13252.700
     180.016     13260.700
     179.991     13161.300
     179.966     13081.300
     179.941     13215.300
     179.916     13122.000
     179.891     12944.000
     179.866     12897.300
     179.841     13126.700
     179.816     12720.700
     179.791     12834.000
     179.766     12834.000
     179.741     12672.000
     179.716     12562.700
     179.691     12624.000
     179.666     12636.700
     179.641     12512.000
     179.616     12481.300
     179.591     12428.700
     179.566     12137.300
     179.541     12267.300
     179.516     12124.700
     179.491     12049.300
     179.466     12164.000
     179.441     12064.700
     179.416     11596.700
     179.391     11714.700
     179.366     11830.700
     179.341     11564.000
     179.316     11398.000
     179.291     11230.000
     179.266     11314.700
     179.241     11238.700
     179.216     11102.700
     179.191     11128.000
     179.166     11094.000
     179.141     10913.300
     179.116     10748.000
     179.091     10859.300
     179.066     10632.700
     179.041     10516.000
     179.016     10420.700
     178.991     10662.000
     178.966     10366.700
     178.941     10358.000
     178.916     10176.000
     178.891     10214.000
     178.866      9975.330
     178.841     10012.700
     178.816      9949.330
     178.791      9884.000
     178.766      9841.330
     178.741      9860.670
     178.716      9744.000
     178.691      9656.000
     178.666      9810.670
     178.641      9758.670
     178.616      9535.330
     178.591      9586.670
     178.566      9720.670
     178.541      9376.000
     178.516      9616.670
     178.491      9698.670
     178.466      9522.670
     178.441      9666.670
     178.416      9456.000
     178.391      9498.670
     178.366      9529.330
     178.341      9580.000
     178.316      9356.670
     178.291      9372.000
     178.266      9408.000
     178.241      9359.330
     178.216      9525.330
     178.191      9277.330
     178.166      9421.330
     178.141      9376.000
     178.116      9413.330
     178.091      9290.670
     178.066      9420.670
     178.041      9427.330
     178.016      9401.330
     177.991      9482.000
     177.966      9308.670
     177.941      9368.670
     177.916      9411.330
     177.891      9419.330
     177.866      9288.670
     177.841      9318.670
     177.816      9366.000
     177.791      9504.000
     177.766      9450.670
     177.741      9248.670
     177.716      9333.330
     177.691      9412.000
     177.666      9280.670
     177.641      9375.330
     177.616      9392.670
     177.591      9333.330
     177.566      9519.330
     177.541      9310.000
     177.516      9306.670
     177.491      9536.000
     177.466      9318.000
     177.441      9252.670
     177.416      9276.000
     177.391      9360.670
     177.366      9468.670
     177.341      9290.670
     177.316      9286.670
     177.291      9454.000
     177.266      9406.000
     177.241      9258.670
     177.216      9391.330
     177.191      9416.000
     177.166      9472.670
     177.141      9412.670
     177.116      9408.000
     177.091      9490.670
     177.066      9351.330
     177.041      9386.670
     177.016      9256.000
     176.991      9494.000
     176.966      9376.000
     176.941      9398.000
     176.916      9380.670
     176.891      9313.330
     176.866      9213.330
     176.841      9361.330
     176.816      9378.670
     176.791      9492.000
     176.766      9444.000
     176.741      9484.670
     176.716      9409.330
     176.691      9375.330
     176.666      9403.330
     176.641      9479.330
     176.616      9390.670
     176.591      9333.330
     176.566      9448.670
     176.541      9358.000
     176.516      9428.670
     176.491      9387.330
     176.466      9473.330
     176.441      9408.670
     176.416      9526.000
     176.391      9448.670
     176.366      9417.330
     176.341      9205.330
     176.316      9404.670
     176.291      9413.330
     176.266      9410.670
     176.241      9476.670
     176.216      9450.670
     176.191      9336.000
     176.166      9415.330
     176.141      9456.670
     176.116      9423.330
     176.091      9272.670
     176.066      9420.000
     176.041      9523.330
     176.016      9466.670
     175.991      9517.330
     175.966      9351.330
     175.941      9314.000
     175.916      9392.000
     175.891      9397.330
     175.866      9458.000
     175.841      9344.670
     175.816      9404.000
     175.791      9305.330
     175.766      9386.670
     175.741      9466.670
     175.716      9415.330
     175.691         0.000
Region=4
"Au 4f"
Npoints=247
      91.591      6446.000
      91.541      6563.330
      91.491      6538.670
      91.441      6628.000
      91.391      6490.000
      91.341      6536.670
      91.291      6633.330
      91.241      6527.330
      91.191      6556.000
      91.141      6715.330
      91.091      6742.000
      91.041      6822.670
      90.991      6704.000
      90.941      6815.330
      90.891      6814.000
      90.841      6865.330
      90.791      7029.330
      90.741      6905.330
      90.691      6893.330
      90.641      6955.330
      90.591      7088.670
      90.541      7050.000
      90.491      7170.000
      90.441      7228.000
      90.391      7136.670
      90.341      7273.330
      90.291      7212.670
      90.241      7321.330
      90.191      7504.670
      90.141      7382.000
      90.091      7396.000
      90.041      7458.000
      89.991      7434.670
      89.941      7599.330
      89.891      7835.330
      89.841      7776.670
      89.791      7850.670
      89.741      7843.330
      89.691      8017.330
      89.641      8214.670
      89.591      8286.000
      89.541      8428.670
      89.491      8355.330
      89.441      8688.670
      89.391      8702.670
      89.341      8857.330
      89.291      9132.000
      89.241      9161.330
      89.191      9304.000
      89.141      9666.000
      89.091      9849.330
      89.041      9952.000
      88.991     10508.700
      88.941     10823.300
      88.891     11101.300
      88.841     11484.700
      88.791     11893.300
      88.741     12237.300
      88.691     12726.700
      88.641     13294.000
      88.591     14138.700
      88.541     14864.700
      88.491     15606.700
      88.441     16359.300
      88.391     17260.000
      88.341     18430.700
      88.291     19314.000
      88.241     20854.700
      88.191     21915.300
      88.141     23354.700
      88.091     24690.700
      88.041     26040.000
      87.991     27327.300
      87.941     28812.700
      87.891     29890.700
      87.841     30856.700
      87.791     32091.300
      87.741     32560.000
      87.691     32386.000
      87.641     32328.700
      87.591     31847.300
      87.541     30782.000
      87.491     29626.000
      87.441     28325.300
      87.391     26670.700
      87.341     24962.000
      87.291     22875.300
      87.241     21078.700
      87.191     19544.000
      87.141     17957.300
      87.091     16478.000
      87.041     15473.300
      86.991     14226.000
      86.941     13548.700
      86.891     12502.700
      86.841     12078.700
      86.791     11547.300
      86.741     11280.000
      86.691     10764.000
      86.641     10411.300
      86.591     10199.300
      86.541      9786.000
      86.491      9678.670
      86.441      9652.670
      86.391      9310.670
      86.341      9164.000
      86.291      9130.000
      86.241      8928.670
      86.191      8992.000
      86.141      9000.000
      86.091      8830.670
      86.041      8734.670
      85.991      8834.670
      85.941      8904.000
      85.891      8957.330
      85.841      8960.000
      85.791      9138.000
      85.741      9080.000
      85.691      9182.670
      85.641      9454.670
      85.591      9575.330
      85.541      9728.670
      85.491      9862.000
      85.441     10006.000
      85.391     10276.000
      85.341     10608.700
      85.291     11006.700
      85.241     11037.300
      85.191     11673.300
      85.141     12178.700
      85.091     12735.300
      85.041     13261.300
      84.991     13956.700
      84.941     14684.000
      84.891     15410.700
      84.841     16377.300
      84.791     17298.700
      84.741     18609.300
      84.691     19600.700
      84.641     20849.300
      84.591     22425.300
      84.541     24007.300
      84.491     25702.000
      84.441     27449.300
      84.391     29490.000
      84.341     30968.000
      84.291     32686.000
      84.241     34716.700
      84.191     35988.000
      84.141     37214.700
      84.091     38070.000
      84.041     38520.700
      83.991     38546.700
      83.941     38525.300
      83.891     37077.300
      83.841     35850.700
      83.791     33982.700
      83.741     31663.300
      83.691     29431.300
      83.641     27241.300
      83.591     24841.300
      83.541     22289.300
      83.491     20325.300
      83.441     18332.700
      83.391     16631.300
      83.341     14913.300
      83.291     13846.000
      83.241     12563.300
      83.191     11560.000
      83.141     10845.300
      83.091     10147.300
      83.041      9476.670
      82.991      8964.000
      82.941      8414.670
      82.891      8075.330
      82.841      7712.000
      82.791      7432.000
      82.741      6905.330
      82.691      6704.670
      82.641      6506.670
      82.591      6145.330
      82.541      6016.670
      82.491      5757.330
      82.441      5674.670
      82.391      5443.330
      82.341      5300.000
      82.291      5111.330
      82.241      5098.000
      82.191      4916.670
      82.141      4881.330
      82.091      4794.670
      82.041      4538.670
      81.991      4544.670
      81.941      4453.330
      81.891      4340.670
      81.841      4308.000
      81.791      4212.670
      81.741      4140.000
      81.691      4028.670
      81.641      4114.000
      81.591      4004.000
      81.541      3984.000
      81.491      3948.000
      81.441      3953.330
      81.391      3860.670
      81.341      3828.670
      81.291      3912.670
      81.241      3829.330
      81.191      3710.670
      81.141      3727.330
      81.091      3711.330
      81.041      3744.670
      80.991      3717.330
      80.941      3675.330
      80.891      3844.670
      80.841      3683.330
      80.791      3755.330
      80.741      3755.330
      80.691      3731.330
      80.641      3593.330
      80.591      3707.330
      80.541      3745.330
      80.491      3765.330
      80.441      3886.000
      80.391      3803.330
      80.341      3795.330
      80.291      3884.670
      80.241      3896.670
      80.191      3848.000
      80.141      3962.000
      80.091      4084.000
      80.041      4175.330
      79.991      4192.000
      79.941      4314.670
      79.891      4314.000
      79.841      4510.000
      79.791      4610.000
      79.741      4744.670
      79.691      4782.000
      79.641      4923.330
      79.591      4967.330
      79.541      5199.330
      79.491      5254.000
      79.441      5354.670
      79.391      5336.670
      79.341      5474.000
      79.291      5454.670
