VAMAS Surface Chemical Analysis Standard Data Transfer Format 1988 May 4        
V G Scientific Ltd                                                              
Ecsalab                                                                         
Akmal Bhutta                                                                    
99010703.DAT;1                          
3
Pt (773K) (as received)                 
                                        
                                        
NORM
REGULAR
7
0
0
0
0
0
7
New Block
Sample ID
1999
1
7
14
56
42
0
0
XPS
Mg Source
1253.60
0.00
0
0
0
0
FAT 
50.00
0
4.39
0.00
0
0
0
0
SURVEY         
SURVEY         
-1
Binding eV
eV
0.00
0.50
1
Counts
d
pulse counting
0.20
2
0
0
0
0
0
2001
132
9684
159
147
168
132
145
155
166
163
164
154
135
162
181
185
183
192
181
219
212
204
221
226
256
263
266
234
263
256
247
245
239
256
261
244
241
247
208
206
232
227
239
220
216
198
212
198
229
179
204
214
213
243
231
294
322
402
437
478
444
463
481
395
395
385
362
321
294
294
310
292
292
268
240
260
251
234
265
240
260
233
236
258
261
276
223
258
267
272
233
238
242
265
260
276
268
248
287
289
281
297
265
266
296
294
303
261
307
303
308
315
287
300
283
334
299
317
312
289
340
287
278
315
297
276
306
304
318
271
291
282
320
308
299
316
345
345
349
370
393
464
455
506
508
450
464
459
428
376
404
432
440
530
606
630
800
871
921
1207
1597
1998
2284
2253
1849
1370
991
720
533
515
499
482
472
462
439
424
451
461
474
415
468
478
499
470
505
526
508
518
568
531
522
517
553
647
579
587
605
604
648
606
608
660
674
678
630
662
721
696
724
728
693
711
687
749
719
723
709
693
691
713
716
671
696
659
643
680
654
699
670
772
760
750
783
788
838
829
774
728
750
698
703
745
764
752
764
797
929
1030
1249
1419
1762
2022
2131
2041
1818
1498
1231
1047
860
791
732
700
690
727
699
685
722
654
744
693
710
655
753
742
744
784
758
814
764
814
794
759
870
821
827
901
782
843
840
869
905
853
847
837
908
928
903
883
907
984
935
958
894
884
925
862
887
841
888
883
858
875
846
944
827
883
853
836
798
826
861
805
853
868
820
830
819
841
837
866
829
812
832
855
807
837
797
808
817
823
810
824
793
853
797
808
814
855
855
861
798
847
801
872
851
848
822
812
805
763
807
806
785
807
789
787
835
773
769
811
789
793
833
786
839
794
825
830
828
802
812
808
796
792
790
828
811
834
824
794
846
774
798
777
810
835
790
833
840
832
786
837
805
783
805
791
789
778
806
820
840
775
819
813
836
822
779
765
829
792
789
810
788
773
783
762
812
803
828
806
847
769
798
811
832
771
859
786
791
806
791
826
835
794
762
813
804
806
815
828
793
790
800
823
785
775
772
813
792
812
745
759
779
806
862
769
774
763
816
778
812
787
797
750
821
812
816
830
845
802
850
743
852
792
776
782
803
816
791
857
775
782
827
795
828
760
865
802
776
808
782
784
775
775
819
798
750
788
809
815
742
806
817
823
833
804
803
770
780
850
788
782
809
790
814
816
799
818
784
751
779
805
766
767
775
860
821
843
837
893
906
864
851
881
841
839
928
840
861
835
846
861
831
820
842
853
804
828
818
840
863
942
952
964
919
907
973
953
911
922
905
890
918
927
1008
1037
1099
1125
1172
1255
1531
1818
2247
2296
2219
2047
1574
1284
1170
1096
1079
968
954
960
986
920
964
891
903
909
936
910
961
990
956
1029
1036
1003
985
1122
1122
1100
1060
1123
1070
1037
1023
1057
1050
1134
1058
1050
1069
1068
1077
1052
1079
1100
1118
1095
1024
1026
1092
1070
1121
1117
1132
1141
1172
1208
1180
1212
1267
1229
1162
1210
1185
1166
1164
1203
1148
1078
1133
1168
1131
1118
1156
1049
1165
1159
1103
1155
1109
1147
1156
1113
1077
1169
1107
1129
1210
1077
1159
1091
1141
1198
1202
1180
1169
1161
1204
1157
1166
1128
1103
1143
1096
1147
1172
1105
1095
1084
1139
1058
1159
1126
1102
1098
1089
1101
1114
1112
1104
1114
1108
1100
1111
1106
1099
1113
1093
1059
1042
1099
1121
1102
1127
1064
1109
1081
1135
1028
1042
1123
1098
1029
1045
1082
1096
1077
1064
1161
1077
1090
1057
1111
1056
1074
1096
1090
1116
1126
1067
1063
1156
1076
1111
1051
1045
1064
1106
1124
1079
1105
1050
1095
1059
1109
1064
1038
1074
1034
1052
1080
1066
1087
1125
1046
1106
1067
1114
1037
1047
1086
1125
1092
1082
1127
1058
1038
1077
1113
1132
1091
1057
1065
1082
1071
1069
1073
1116
1041
1149
1107
1111
1045
1071
1025
1061
1026
1145
1144
1085
1145
1056
1091
1063
1105
1077
1087
1060
1118
1134
1089
1077
1095
1072
1070
1110
1027
1042
992
1120
1072
1095
990
1095
1065
1057
1100
1076
1013
1025
1090
1083
1055
1058
1091
1075
1048
1077
1078
1029
1062
1090
1143
1104
1074
1079
1058
1067
1126
1052
1067
1038
1039
1077
1065
1066
1077
1039
1085
990
1029
1116
1072
1066
1069
1114
1056
1049
1093
1054
1080
1136
1032
1103
1049
1084
1058
1102
1037
1037
983
1094
1102
1072
1017
1071
1055
1043
1145
1109
1054
1060
1041
1054
1054
1084
1052
1121
1100
1048
1072
1087
1068
1131
993
1045
1059
1054
1109
1137
1124
1081
1034
1097
1080
1118
1146
1043
1082
1110
1101
1058
1104
1028
1116
1099
1152
1089
1105
1050
1111
1103
1049
1064
1103
1051
1050
1073
1129
1089
1105
1082
1093
1060
1116
1088
1124
1082
1102
1181
1130
1063
1065
1080
1111
1143
1090
1037
1083
1098
1085
1112
1138
1049
1051
1098
1058
1086
1111
1124
1110
1123
1107
1106
1180
1167
1138
1155
1218
1170
1168
1099
1158
1171
1122
1152
1113
1166
1185
1130
1088
1142
1178
1116
1093
1163
1080
1088
1091
1058
1087
1138
1080
1018
1102
1121
1152
1141
1165
1106
1158
1145
1135
1179
1159
1158
1141
1179
1116
1177
1142
1170
1131
1129
1148
1126
1174
1207
1155
1227
1154
1209
1282
1234
1209
1192
1173
1302
1303
1330
1259
1306
1223
1266
1231
1254
1270
1345
1451
1555
1686
1740
1901
2049
2125
2251
2136
2046
1864
1779
1573
1552
1539
1472
1557
1696
1923
2382
3037
4287
5938
7865
9226
9684
9407
8103
6198
4626
3176
2501
1947
1735
1652
1615
1523
1630
1631
1577
1691
1697
1731
1721
1806
1910
1891
2008
2055
2060
2231
2255
2330
2393
2489
2535
2479
2477
2542
2615
2736
2812
2678
2869
2803
2966
2945
3004
3107
3087
3389
3376
3435
3419
3395
3432
3417
3379
3289
3303
3212
3136
3073
3031
3053
2830
2795
2783
2805
2715
2764
2783
2735
2856
2761
2832
2818
2740
2846
2854
2836
2826
2931
2888
2863
2859
2953
2824
2868
2931
2933
2896
2880
2959
2897
2988
2940
3013
2894
2899
2984
2968
2887
3102
2997
2938
2936
2961
3060
2994
3013
3014
2925
2993
2894
2984
2956
2897
2968
2968
2899
2960
2874
2825
2945
2946
2905
2941
2908
2871
2905
2929
2968
2896
2945
2812
2943
2908
2918
2992
2924
2891
2888
3027
2966
2886
2951
2994
2935
2991
2955
2945
2979
3107
2867
2965
2954
2849
2930
2904
2902
3008
2911
2945
3020
2965
3013
2921
2967
3010
2978
2916
2990
2966
2958
2980
2920
3042
2881
2885
2983
2956
3040
2967
2895
2932
2903
2977
2822
2904
2891
2880
2987
2869
2918
2966
2996
2985
2963
2840
2997
2869
2889
2970
3008
2939
2956
2956
2864
2984
2928
2989
2903
2905
2983
2956
2883
3031
2968
2915
2841
2978
2938
2952
2878
2917
2901
2855
2850
2870
2865
2906
2909
2934
2966
2808
2942
2871
2944
3007
2911
2889
2955
3032
2916
2904
2885
2993
2945
2914
2904
2947
2941
2829
2922
2916
2998
2763
2891
2967
2867
2860
2786
2933
2876
2902
2849
2828
2880
2929
2940
2918
2930
2921
2822
2861
2896
3042
2938
3044
2788
2966
2859
2989
2966
2853
2820
2887
2906
2992
2975
2887
2890
2888
3024
2938
2985
2949
2953
2903
2940
2967
3035
2932
2985
2937
2953
3018
2960
3025
3018
2961
2957
2951
3049
2937
3056
2904
3003
2876
2970
2986
3026
3036
2927
3003
2827
2929
2956
2941
2949
2829
2955
2935
2887
2903
2945
2900
2994
2972
2918
3040
2875
2886
3059
3002
2878
2951
3033
3005
2969
2914
2956
2959
2903
2853
2937
2916
2968
3077
3018
2889
2955
2869
2873
3001
2975
2936
2989
2957
2950
2981
2907
2941
3109
2956
2960
2948
3048
3006
3070
3162
3065
3089
3031
2943
2945
3052
2970
2964
3023
2919
3077
2964
3012
2955
3007
2888
3087
3076
3053
3027
3028
3138
3062
3154
3103
3208
3209
3252
3425
3532
3554
3768
3798
3927
4016
4073
4090
4476
4495
4503
4618
4696
4907
5062
5238
5367
5465
5855
6109
6425
6594
6901
6971
6921
6782
6671
6412
5940
5700
5422
5201
4932
4734
4680
4516
4383
4430
4557
4363
4489
4425
4439
4449
4533
4598
4653
4818
4718
4916
4787
4897
5017
4883
5053
5122
5143
5171
5413
5566
5747
5660
5907
5818
5973
6058
5843
5750
5682
5793
5722
5630
5580
5488
5472
5582
5411
5471
5305
5270
5317
5103
5302
5128
5203
5226
5172
5319
5217
5327
5422
5560
5433
5440
5530
5463
5394
5445
5412
5417
5408
5415
5464
5351
5267
5286
5450
5360
5346
5209
5282
5350
5298
5217
5358
5423
5313
5278
5550
5331
5270
5176
5222
5326
5304
5110
5214
5201
5132
5211
5246
5335
5267
5285
5298
5365
5315
5343
5371
5399
5271
5314
5317
5232
5255
5313
5272
5282
5279
5304
5189
5230
5235
5148
5313
5219
5161
5141
5111
5252
5161
5315
5263
5220
5153
5250
5222
5206
5225
5293
5063
5183
5256
5209
5217
5235
5182
5065
5319
5182
5157
5300
5246
5166
5199
5170
5081
5321
5203
5197
5082
5241
5302
5262
5238
5257
5197
5191
5115
5202
5175
5177
5267
5173
5360
5074
5331
5197
5317
5195
5266
5062
5316
5260
5224
5142
5207
5131
5209
5437
5156
5277
5121
5237
5088
5064
5271
5357
5155
5274
5210
5234
5172
5192
5184
5265
5214
5237
5319
5214
5288
5221
5207
5361
5237
5141
5243
5141
5207
5154
5134
5163
5204
5179
5177
5252
5151
5235
5295
5290
5261
5167
5356
5252
5186
5168
5074
5167
5308
5208
5299
5168
5210
5187
5229
5275
5249
5293
5160
5233
5235
5300
5235
5248
5369
5207
5186
5220
5347
5358
5279
5187
5364
5369
5242
5290
5288
5185
5216
5196
5202
5377
5294
5347
5294
5289
5347
5289
5349
5244
5212
5409
5284
5367
5271
5153
5317
5323
5297
5259
5286
5386
5233
5219
5399
5285
5370
5487
5414
5349
5250
5425
5396
5351
5272
5447
5239
5307
5296
5311
5424
5294
5378
5299
5367
5366
5315
5608
5442
5295
5241
5309
5383
5223
5285
5450
5353
5393
5455
5393
5453
5391
5403
5564
5266
5278
5374
5375
5233
5298
5404
5347
5383
5357
5398
5411
5374
5301
5325
5504
5327
5402
5460
5553
5387
5465
5333
5364
5410
5347
5401
5415
5385
5431
5407
5524
5490
5563
5500
5578
5494
5432
5427
5517
5553
5509
5342
5479
5562
5504
5626
5581
5577
5504
5552
5630
5623
5418
5517
5515
5512
5428
5636
5605
5650
5637
5587
5534
5517
5430
5511
5500
5540
5703
5486
5512
5527
5551
5623
5627
5600
5692
5620
5744
5627
5561
5424
5618
5564
5575
5640
5529
5675
5725
5731
5564
5505
5728
5700
5577
5740
5639
5796
5713
5647
5767
5718
5656
5611
5802
5609
5723
5636
5829
5826
5829
5728
5911
5755
5833
5750
5817
5871
5851
5670
5886
5800
5807
5887
6011
6060
6016
5970
6167
6009
6165
6421
6311
6395
6333
6365
6534
6800
6661
6585
6589
6747
6618
6881
6766
6835
6867
7049
6999
6801
7053
7044
6905
7074
6980
6962
New Block
Sample ID
1999
1
7
14
56
42
0
0
XPS
Mg Source
1253.60
0.00
0
0
0
0
FAT 
20.00
0
4.84
0.00
0
0
0
0
Sulphur        
Sulphur        
-1
Binding eV
eV
160.00
0.05
1
Counts
d
pulse counting
0.50
10
0
0
0
0
0
361
1940
2218
2164
2072
2064
2158
2072
2052
2056
2090
2073
2145
2046
2015
2086
2058
2045
2055
2017
2123
2121
2033
2015
2036
2081
2131
1998
2030
2070
2072
2027
2082
2109
2072
2086
2066
2093
2111
2118
2109
2094
2069
2050
2075
2030
2101
2031
2069
2115
2055
2086
2064
2033
2110
2150
2144
2059
2059
2131
1990
2002
2025
2025
2109
2061
1998
2084
2019
2057
2114
2076
2045
2036
2134
2043
2061
2110
2076
2058
2027
2130
2067
2108
2109
2117
2064
1998
2174
1978
2165
2157
2154
2006
2037
2058
2099
2182
2027
2179
2034
2033
1995
2128
2008
2105
2116
2006
2038
2088
1976
2138
2104
2059
2127
2138
2028
2053
1974
2086
2018
2218
2074
2117
2091
2097
2104
2069
2137
2066
2162
2109
2123
2037
2007
2055
2072
1953
2035
2062
2083
2053
2053
2046
1984
2082
2018
2067
2095
2074
2089
2040
1990
2034
2081
2019
2012
2061
2057
2012
2139
2069
2052
2037
2032
2114
2135
2056
2000
2025
2017
2125
2083
1940
2130
2032
2061
2190
2177
2065
2135
2130
1998
2101
2131
2022
2106
2082
2184
2056
1977
2033
2095
2078
2044
2142
2071
2051
2036
2082
2129
2077
2033
2079
2098
2045
2106
2029
2092
2111
2056
2098
2101
2081
2129
2068
2098
2037
2007
2105
2084
2085
2088
2113
2032
2124
2068
2067
2133
2012
2078
2041
2071
2052
2081
2056
2124
2062
2052
2097
2036
2043
2126
2012
2179
2050
2022
2151
2140
2107
2050
2079
2143
1999
2026
2120
2057
2007
2046
2063
2142
2088
2094
2106
2066
2098
2118
2066
2110
2051
2091
2061
2102
2006
2046
2050
2101
2089
2041
2116
2067
2173
2051
2111
1999
2022
2012
2120
2091
2111
2079
2097
2081
2089
2064
2102
2004
2020
2093
1967
2061
2042
2133
2105
2123
2071
2083
2115
2076
2080
2110
2148
2016
2085
2169
2106
2079
2144
2091
2097
1999
2055
2000
2100
2033
2116
1950
2090
2114
2124
2056
2082
2056
2022
1982
2072
2085
2118
2117
2014
2130
2146
2085
2072
2103
2037
2091
2081
2161
2064
2018
2107
2063
2033
2017
2030
2136
2114
2051
2008
2046
2138
2053
2010
New Block
Sample ID
1999
1
7
14
56
42
0
0
XPS
Mg Source
1253.60
0.00
0
0
0
0
FAT 
20.00
0
4.84
0.00
0
0
0
0
Carbon         
Carbon         
-1
Binding eV
eV
280.00
0.05
1
Counts
d
pulse counting
0.50
5
0
0
0
0
0
321
1064
3468
1186
1181
1283
1222
1155
1199
1261
1229
1230
1277
1246
1257
1201
1268
1263
1181
1302
1245
1212
1288
1328
1225
1240
1314
1249
1234
1279
1319
1318
1287
1299
1239
1275
1296
1273
1302
1263
1260
1222
1246
1359
1249
1259
1174
1235
1254
1205
1153
1223
1231
1316
1240
1236
1197
1193
1140
1177
1211
1125
1242
1194
1136
1151
1142
1131
1137
1064
1139
1111
1194
1171
1128
1116
1143
1109
1154
1136
1139
1198
1150
1202
1116
1122
1111
1132
1113
1122
1092
1099
1176
1113
1121
1150
1165
1168
1105
1201
1172
1119
1100
1111
1202
1126
1159
1151
1166
1258
1205
1153
1119
1109
1136
1287
1195
1213
1270
1182
1200
1270
1196
1210
1235
1217
1267
1300
1244
1285
1288
1295
1302
1278
1272
1295
1271
1356
1381
1372
1397
1448
1379
1439
1420
1458
1451
1339
1433
1424
1532
1456
1578
1499
1485
1565
1594
1535
1587
1662
1528
1621
1687
1625
1614
1727
1654
1709
1804
1775
1738
1831
1950
1863
1939
1912
1954
1974
2049
2014
2111
2160
2235
2287
2250
2330
2432
2518
2463
2639
2558
2739
2734
2791
2860
2870
2998
3014
3126
3058
3201
3333
3352
3176
3349
3457
3312
3350
3369
3441
3468
3333
3419
3438
3255
3308
3261
3273
3221
3200
3167
3134
3057
2966
2824
2797
2717
2766
2578
2654
2584
2535
2345
2269
2256
2260
2147
2147
2104
1873
1960
1859
1831
1769
1711
1706
1646
1672
1526
1545
1548
1525
1485
1497
1434
1522
1434
1399
1344
1378
1373
1324
1368
1381
1347
1341
1330
1334
1265
1250
1323
1257
1311
1320
1282
1338
1237
1313
1306
1237
1319
1319
1256
1297
1230
1299
1332
1285
1280
1341
1302
1247
1292
1269
1267
1362
1303
1358
1237
1272
1332
1329
1230
1277
1281
1252
1344
1318
1222
1231
1239
1246
1296
1254
1201
1239
1275
1281
1239
1249
1218
1194
1256
1303
New Block
Sample ID
1999
1
7
14
56
42
0
0
XPS
Mg Source
1253.60
0.00
0
0
0
0
FAT 
20.00
0
4.84
0.00
0
0
0
0
Oxygen         
Oxygen         
-1
Binding eV
eV
530.00
0.05
1
Counts
d
pulse counting
0.50
5
0
0
0
0
0
281
1870
13138
2122
2115
2095
2162
2086
2015
2017
2056
1971
1950
1962
1919
2088
2030
1952
1984
1954
1942
1933
1913
1979
1910
1879
2018
1962
1974
1974
1922
1897
2030
2057
1961
1898
1940
1962
1979
1950
1909
1870
1982
1956
1925
1925
1944
1930
1963
1976
2010
2064
2096
2025
2034
1998
2081
2069
2173
2035
2117
2117
2226
2201
2276
2199
2217
2249
2300
2350
2410
2358
2386
2528
2508
2597
2534
2646
2732
2680
2766
2971
3003
3058
3180
3224
3294
3402
3410
3665
3740
3858
3983
4047
4346
4403
4562
4780
5067
5213
5451
5582
5745
5901
6158
6349
6613
6975
7124
7244
7670
7993
8295
8530
8799
9160
9327
9613
9785
10052
10204
10609
11005
11247
11393
11683
11704
11878
12228
12349
12475
12584
12719
12818
12793
13051
13138
12862
13047
13113
12949
12860
12840
12868
12501
12616
12451
12348
12028
11979
11751
11640
11325
11231
10998
10682
10646
10087
9826
9785
9262
9097
8779
8734
8362
8170
7955
7714
7508
7212
7007
6590
6537
6457
6020
5911
5710
5474
5162
5067
4956
4753
4601
4457
4347
3993
4082
3815
3711
3693
3479
3387
3332
3239
3104
3148
3039
2982
2799
2775
2813
2706
2589
2484
2623
2534
2454
2511
2443
2351
2323
2393
2338
2309
2188
2136
2204
2160
2222
2110
2163
2171
2141
2089
2043
2156
2026
2060
2133
2114
2011
2017
2065
2038
2096
2061
2109
1969
2115
2002
2079
2066
1991
2054
1978
2060
2075
1991
1930
1979
2063
1975
2013
2114
2018
1987
2043
2009
2012
2025
2028
2012
2034
2039
1956
2032
2053
2070
2098
2038
2019
2033
2071
2083
2058
2159
2037
2115
2036
1995
2058
2025
2008
2122
New Block
Sample ID
1999
1
7
14
56
42
0
0
XPS
Mg Source
1253.60
0.00
0
0
0
0
FAT 
20.00
0
4.84
0.00
0
0
0
0
Platinum       
Platinum       
-1
Binding eV
eV
315.00
0.05
1
Counts
d
pulse counting
0.50
15
0
0
0
0
0
301
4204
5011
4411
4469
4539
4345
4390
4509
4371
4259
4329
4351
4487
4333
4461
4457
4415
4520
4473
4455
4436
4471
4292
4477
4486
4468
4500
4372
4442
4472
4525
4490
4562
4492
4651
4439
4564
4432
4642
4485
4554
4674
4533
4436
4593
4497
4526
4616
4660
4606
4572
4515
4488
4585
4709
4553
4617
4714
4567
4680
4669
4716
4561
4666
4724
4848
4769
4701
4653
4826
4641
4913
4781
4753
4802
4758
4823
4784
4721
4743
4867
4894
4835
4791
4847
4705
4810
4855
4739
4730
4861
4770
4755
5011
4864
4877
4873
4680
4947
4845
4882
4770
4837
4874
4814
4856
4923
4806
4980
4750
4800
4880
4839
4864
4824
4814
4705
4816
4872
4904
4735
4656
4786
4830
4730
4721
4865
4689
4626
4842
4710
4735
4606
4623
4831
4683
4873
4720
4708
4752
4605
4680
4762
4736
4659
4555
4776
4625
4777
4560
4447
4576
4538
4611
4546
4636
4526
4514
4658
4557
4638
4524
4528
4570
4619
4494
4631
4557
4512
4583
4505
4543
4396
4494
4549
4575
4498
4435
4506
4572
4525
4604
4685
4443
4495
4541
4467
4433
4443
4540
4391
4468
4599
4510
4471
4405
4523
4607
4490
4409
4409
4584
4446
4527
4602
4609
4474
4458
4410
4537
4540
4436
4422
4479
4538
4616
4390
4565
4374
4529
4434
4453
4455
4459
4468
4467
4466
4555
4448
4482
4402
4553
4498
4509
4439
4425
4435
4421
4447
4417
4436
4516
4564
4554
4493
4387
4521
4447
4509
4424
4422
4495
4355
4358
4438
4470
4504
4204
4573
4430
4376
4437
4660
4409
4519
4445
4393
4395
4342
4507
4439
4415
4363
4389
4419
4328
4449
4438
4460
4309
4469
4403
4365
4311
4352
4334
4553
4382
4395
4405
4403
4384
4411
4427
4556
4420
4331
4515
4345
4318
4485
4414
4440
New Block
Sample ID
1999
1
7
14
56
42
0
0
XPS
Mg Source
1253.60
0.00
0
0
0
0
FAT 
20.00
0
4.84
0.00
0
0
0
0
Al and Pt      
Al and Pt      
-1
Binding eV
eV
70.00
0.05
1
Counts
d
pulse counting
0.50
5
0
0
0
0
0
401
458
3175
568
586
560
595
570
614
619
634
666
641
602
595
654
605
601
596
606
617
594
599
637
619
660
630
613
611
661
639
618
675
633
603
621
639
612
649
607
606
589
564
600
605
577
556
566
568
518
558
532
538
514
525
561
504
541
512
514
499
507
496
517
481
500
485
460
508
478
512
500
491
466
460
458
487
482
469
488
462
479
485
478
543
476
503
505
487
530
524
521
499
562
557
508
526
533
539
541
583
628
559
614
599
600
650
592
623
657
724
639
655
690
687
740
779
744
764
776
797
831
883
844
895
857
917
901
923
908
929
935
1004
962
988
987
992
997
968
1047
1032
1055
1018
1021
1033
1017
1030
1009
992
1030
1046
1035
988
1016
1037
1067
1041
1123
1057
1090
1079
1186
1199
1246
1203
1287
1331
1333
1370
1402
1445
1464
1521
1583
1675
1624
1685
1809
1868
1950
1993
2046
2119
2147
2275
2389
2302
2546
2515
2597
2711
2811
2868
2896
2944
3011
2992
3011
3020
3028
3062
3062
3175
3122
3001
3070
3047
2950
2953
2953
2858
2867
2712
2726
2688
2652
2542
2462
2340
2298
2219
2230
1998
2037
1987
1912
1742
1758
1693
1496
1513
1427
1381
1268
1267
1250
1261
1136
1125
1044
971
971
963
980
929
852
858
771
780
777
744
756
702
693
728
695
665
661
655
717
611
625
649
655
628
590
637
613
557
617
581
584
606
603
592
588
547
616
602
609
601
577
580
597
577
561
550
577
541
563
561
573
591
556
558
549
551
582
585
556
572
597
574
566
537
606
549
520
564
571
554
555
524
544
531
506
591
533
547
584
541
546
492
539
527
518
567
572
530
527
596
549
572
541
562
560
514
549
568
553
573
585
571
566
571
537
550
579
558
574
519
565
564
556
543
573
574
528
535
545
550
561
571
548
568
568
563
545
563
565
549
582
553
547
549
554
563
613
551
559
580
549
575
564
606
553
574
570
553
582
594
544
525
582
573
625
584
598
558
557
562
627
619
550
New Block
Sample ID
1999
1
7
14
56
42
0
0
XPS
Mg Source
1253.60
0.00
0
0
0
0
FAT 
20.00
0
4.84
0.00
0
0
0
0
Aluminium      
Aluminium      
-1
Binding eV
eV
118.00
0.05
1
Counts
d
pulse counting
0.50
5
0
0
0
0
0
241
837
2859
894
934
867
879
846
911
885
911
874
849
887
872
852
873
877
877
883
839
837
869
887
888
848
888
849
875
863
871
879
898
914
857
840
876
969
933
904
856
883
900
887
911
889
930
959
927
950
892
977
927
922
930
948
941
932
966
926
937
996
974
980
1011
895
921
999
933
1022
1018
1024
1053
1021
1001
1078
1075
1096
1077
1159
1106
1157
1120
1095
1158
1161
1226
1195
1220
1225
1245
1221
1323
1201
1336
1362
1334
1294
1503
1474
1480
1469
1573
1537
1573
1661
1644
1653
1698
1796
1813
1897
1909
1925
2078
2034
1993
2150
2079
2193
2267
2285
2316
2300
2360
2427
2428
2635
2490
2619
2759
2694
2675
2681
2738
2806
2631
2839
2859
2811
2766
2801
2751
2740
2827
2739
2768
2722
2646
2628
2502
2580
2616
2498
2504
2403
2408
2317
2300
2203
2128
2103
2069
2075
1992
1973
1866
1844
1789
1773
1747
1655
1714
1560
1626
1523
1517
1404
1397
1368
1287
1334
1283
1302
1305
1263
1193
1167
1191
1143
1122
1171
1086
1102
1093
1022
1088
1043
1019
1022
1012
936
1025
957
990
953
985
929
1014
964
919
962
953
920
977
861
952
988
904
958
890
956
904
911
879
958
888
911
849
875
892
891
901
900
892
881
878
846
909
866
893
837
862
891
end of experiment
