 WL        Abs       T%
 200.0  0.860562  13.785996
 201.0  0.870813  13.464411
 202.0  0.881096  13.149344
 203.0  0.886596  12.983852
 204.0  0.899606  12.600677
 205.0  0.907422  12.375946
 206.0  0.919356  12.040473
 207.0  0.928945  11.777550
 208.0  0.938850  11.511985
 209.0  0.953230  11.137048
 210.0  0.968990  10.740145
 211.0  0.987118  10.301073
 212.0  1.014044   9.681788
 213.0  1.051084   8.890284
 214.0  1.103614   7.877450
 215.0  1.013401   9.696147
 216.0  1.019923   9.551625
 217.0  1.021274   9.521955
 218.0  1.028547   9.363812
 219.0  1.031477   9.300858
 220.0  1.036177   9.200742
 221.0  1.043218   9.052771
 222.0  1.049408   8.924667
 223.0  1.056112   8.787967
 224.0  1.060950   8.690609
 225.0  1.067945   8.551743
 226.0  1.071857   8.475062
 227.0  1.075050   8.412983
 228.0  1.114308   7.685847
 229.0  1.118570   7.610801
 230.0  1.122215   7.547180
 231.0  1.128783   7.433907
 232.0  1.136591   7.301453
 233.0  1.140183   7.241308
 234.0  1.144469   7.170197
 235.0  1.151110   7.061382
 236.0  1.155856   6.984643
 237.0  1.158962   6.934865
 238.0  1.162381   6.880477
 239.0  1.168248   6.788162
 240.0  1.171690   6.734567
 241.0  1.172759   6.718015
 242.0  1.176842   6.655158
 243.0  1.180782   6.595044
 244.0  1.180911   6.593096
 245.0  1.182907   6.562853
 246.0  1.185615   6.522064
 247.0  1.188551   6.478125
 248.0  1.187314   6.496594
 249.0  1.187596   6.492382
 250.0  1.189297   6.466997
 251.0  1.191006   6.441605
 252.0  1.192180   6.424217
 253.0  1.191397   6.435811
 254.0  1.189757   6.460151
 255.0  1.190281   6.452369
 256.0  1.191187   6.438924
 257.0  1.188221   6.483043
 258.0  1.187027   6.500896
 259.0  1.190255   6.452746
 260.0  1.186517   6.508524
 261.0  1.183940   6.547264
 262.0  1.186340   6.511183
 263.0  1.183752   6.550095
 264.0  1.180867   6.593759
 265.0  1.182667   6.566485
 266.0  1.181196   6.588769
 267.0  1.177446   6.645905
 268.0  1.179109   6.620498
 269.0  1.178543   6.629136
 270.0  1.175082   6.682172
 271.0  1.176805   6.655719
 272.0  1.176595   6.658935
 273.0  1.174227   6.695353
 274.0  1.173243   6.710530
 275.0  1.175916   6.669356
 276.0  1.179610   6.612863
 277.0  1.179305   6.617511
 278.0  1.178150   6.635141
 279.0  1.181033   6.591232
 280.0  1.182875   6.563344
 281.0  1.180189   6.604060
 282.0  1.180585   6.598048
 283.0  1.185180   6.528596
 284.0  1.185989   6.516443
 285.0  1.184810   6.534161
 286.0  1.187777   6.489680
 287.0  1.192465   6.420004
 288.0  1.190597   6.447667
 289.0  1.190765   6.445181
 290.0  1.191679   6.431631
 291.0  1.194370   6.391903
 292.0  1.195617   6.373576
 293.0  1.192902   6.413545
 294.0  1.196790   6.356390
 295.0  1.197818   6.341357
 296.0  1.195610   6.373679
 297.0  1.197746   6.342412
 298.0  1.200001   6.309562
 299.0  1.200073   6.308513
 300.0  1.197185   6.350610
 301.0  1.197464   6.346525
 302.0  1.201065   6.294119
 303.0  1.198157   6.336409
 304.0  1.198570   6.330390
 305.0  1.201691   6.285057
 306.0  1.201246   6.291492
 307.0  1.200163   6.307204
 308.0  1.201308   6.290599
 309.0  1.205223   6.234140
 310.0  1.204450   6.245245
 311.0  1.206191   6.220264
 312.0  1.209101   6.178724
 313.0  1.212289   6.133536
 314.0  1.212439   6.131415
 315.0  1.214129   6.107606
 316.0  1.218465   6.046935
 317.0  1.221601   6.003427
 318.0  1.220909   6.013002
 319.0  1.227692   5.919806
 320.0  1.228678   5.906389
 321.0  1.231174   5.872547
 322.0  1.236623   5.799315
 323.0  1.239645   5.759105
 324.0  1.239568   5.760133
 325.0  1.244316   5.697501
 326.0  1.246486   5.669096
 327.0  1.246292   5.671638
 328.0  1.249233   5.633350
 329.0  1.231952   5.862027
 330.0  1.232058   5.860597
 331.0  1.234894   5.822454
 332.0  1.235201   5.818340
 333.0  1.231477   5.868451
 334.0  1.226175   5.940528
 335.0  1.216586   6.073148
 336.0  1.197409   6.347330
 337.0  1.163723   6.859260
 338.0  1.106987   7.816516
 339.0  1.016234   9.633102
 340.0  1.264506   5.438691
 341.0  1.265654   5.424326
 342.0  1.261157   5.480784
 343.0  1.264798   5.435030
 344.0  1.268780   5.385421
 345.0  1.264967   5.432920
 346.0  1.265700   5.423750
 347.0  1.272577   5.338547
 348.0  1.271100   5.356735
 349.0  1.267622   5.399801
 350.0  1.271483   5.352006
 351.0  1.269049   5.382093
 352.0  1.275005   5.308789
 353.0  1.272769   5.336187
 354.0  1.279172   5.258092
 355.0  1.280322   5.244183
 356.0  1.277299   5.280819
 357.0  1.284659   5.192072
 358.0  1.278928   5.261050
 359.0  1.283812   5.202207
 360.0  1.280618   5.240617
 361.0  1.286815   5.166362
 362.0  1.284355   5.195709
 363.0  1.288844   5.142286
 364.0  1.292606   5.097930
 365.0  1.290815   5.119000
 366.0  1.296519   5.052210
 367.0  1.295219   5.067346
 368.0  1.300192   5.009661
 369.0  1.305386   4.950097
 370.0  1.303909   4.966966
 371.0  1.305249   4.951661
 372.0  1.303665   4.969755
 373.0  1.299267   5.020338
 374.0  1.295660   5.062205
 375.0  1.290692   5.120449
 376.0  1.281476   5.230273
 377.0  1.274153   5.319209
 378.0  1.285024   5.187717
 379.0  1.288812   5.142664
 380.0  1.286272   5.172832
 381.0  1.289100   5.139248
 382.0  1.286195   5.173748
 383.0  1.287137   5.162530
 384.0  1.284322   5.196111
 385.0  1.285223   5.185341
 386.0  1.281952   5.224540
 387.0  1.283214   5.209381
 388.0  1.279839   5.250021
 389.0  1.280125   5.246570
 390.0  1.276449   5.291157
 391.0  1.275606   5.301447
 392.0  1.272336   5.341514
 393.0  1.270387   5.365534
 394.0  1.266618   5.412297
 395.0  1.264440   5.439514
 396.0  1.259594   5.500545
 397.0  1.258267   5.517378
 398.0  1.253684   5.575919
 399.0  1.252271   5.594080
 400.0  1.250893   5.611857
 401.0  1.225816   5.945443
 402.0  1.221118   6.010099
 403.0  1.216677   6.071873
 404.0  1.211960   6.138181
 405.0  1.205747   6.226634
 406.0  1.201325   6.290352
 407.0  1.195572   6.374227
 408.0  1.190549   6.448385
 409.0  1.183989   6.546522
 410.0  1.178068   6.636393
 411.0  1.170865   6.747382
 412.0  1.165806   6.826431
 413.0  1.157823   6.953077
 414.0  1.152038   7.046319
 415.0  1.144110   7.176132
 416.0  1.137292   7.289676
 417.0  1.128785   7.433870
 418.0  1.121734   7.555548
 419.0  1.112609   7.715982
 420.0  1.104960   7.853076
 421.0  1.096135   8.014289
 422.0  1.087039   8.183907
 423.0  1.078408   8.348177
 424.0  1.068066   8.549370
 425.0  1.059673   8.716202
 426.0  1.049391   8.925011
 427.0  1.040455   9.110551
 428.0  1.030381   9.324355
 429.0  1.019953   9.550949
 430.0  1.010711   9.756388
 431.0  1.000754   9.982654
 432.0  0.990162  10.229124
 433.0  0.981559  10.433760
 434.0  0.971337  10.682252
 435.0  0.962836  10.893404
 436.0  0.953673  11.125700
 437.0  0.946114  11.321024
 438.0  0.938741  11.514857
 439.0  0.932345  11.685716
 440.0  0.928448  11.791035
 441.0  0.910959  12.275558
 442.0  0.901879  12.534891
 443.0  0.893255  12.786310
 444.0  0.885578  13.014341
 445.0  0.877815  13.249065
 446.0  0.870119  13.485937
 447.0  0.863531  13.692063
 448.0  0.857282  13.890495
 449.0  0.853259  14.019786
 450.0  0.851234  14.085310
 451.0  0.816202  15.268573
 452.0  0.808077  15.556886
 453.0  0.800434  15.833097
 454.0  0.792472  16.126036
 455.0  0.784638  16.419577
 456.0  0.777591  16.688187
 457.0  0.769784  16.990896
 458.0  0.762305  17.286034
 459.0  0.754939  17.581713
 460.0  0.747383  17.890265
 461.0  0.740542  18.174311
 462.0  0.732766  18.502642
 463.0  0.725844  18.799929
 464.0  0.718748  19.109634
 465.0  0.711576  19.427822
 466.0  0.705247  19.712994
 467.0  0.698527  20.020407
 468.0  0.691856  20.330303
 469.0  0.686050  20.603924
 470.0  0.679781  20.903502
 471.0  0.673204  21.222483
 472.0  0.666695  21.542917
 473.0  0.660861  21.834297
 474.0  0.654377  22.162712
 475.0  0.648308  22.474625
 476.0  0.642898  22.756321
 477.0  0.636941  23.070621
 478.0  0.631177  23.378851
 479.0  0.625369  23.693619
 480.0  0.619532  24.014187
 481.0  0.614294  24.305592
 482.0  0.608873  24.610899
 483.0  0.603432  24.921129
 484.0  0.598117  25.228018
 485.0  0.592506  25.556070
 486.0  0.587055  25.878839
 487.0  0.582191  26.170303
 488.0  0.577191  26.473328
 489.0  0.572469  26.762758
 490.0  0.567642  27.061899
 491.0  0.562716  27.370571
 492.0  0.558169  27.658667
 493.0  0.553721  27.943357
 494.0  0.549344  28.226444
 495.0  0.544873  28.518513
 496.0  0.541045  28.771030
 497.0  0.537495  29.007153
 498.0  0.534994  29.174681
 499.0  0.533522  29.273701
 500.0  0.520968  30.132250
 501.0  0.516313  30.456961
 502.0  0.512143  30.750832
 503.0  0.507357  31.091570
 504.0  0.503071  31.399965
 505.0  0.498844  31.707050
 506.0  0.494554  32.021843
 507.0  0.490357  32.332748
 508.0  0.486415  32.627625
 509.0  0.481886  32.969612
 510.0  0.477919  33.272163
 511.0  0.473664  33.599735
 512.0  0.469362  33.934219
 513.0  0.465577  34.231251
 514.0  0.461210  34.577187
 515.0  0.456750  34.934162
 516.0  0.452927  35.243031
 517.0  0.448930  35.568882
 518.0  0.444930  35.898010
 519.0  0.440918  36.231102
 520.0  0.437211  36.541718
 521.0  0.433154  36.884701
 522.0  0.429429  37.202389
 523.0  0.425882  37.507450
 524.0  0.422183  37.828293
 525.0  0.418299  38.168175
 526.0  0.414425  38.510086
 527.0  0.410464  38.862968
 528.0  0.406952  39.178547
 529.0  0.403368  39.503220
 530.0  0.399797  39.829300
 531.0  0.396285  40.152706
 532.0  0.392570  40.497631
 533.0  0.389251  40.808334
 534.0  0.385561  41.156590
 535.0  0.382071  41.488586
 536.0  0.378226  41.857563
 537.0  0.374624  42.206150
 538.0  0.371261  42.534306
 539.0  0.367695  42.884937
 540.0  0.364052  43.246212
 541.0  0.360970  43.554241
 542.0  0.357709  43.882469
 543.0  0.354105  44.248100
 544.0  0.350442  44.622906
 545.0  0.347080  44.969738
 546.0  0.343503  45.341618
 547.0  0.340032  45.705441
 548.0  0.336812  46.045635
 549.0  0.333691  46.377628
 550.0  0.330839  46.683262
 551.0  0.327470  47.046822
 552.0  0.324345  47.386517
 553.0  0.321467  47.701576
 554.0  0.318369  48.043068
 555.0  0.315431  48.369209
 556.0  0.312498  48.696941
 557.0  0.309481  49.036430
 558.0  0.306621  49.360416
 559.0  0.303750  49.687851
 560.0  0.300824  50.023731
 561.0  0.297845  50.368034
 562.0  0.295021  50.696598
 563.0  0.292013  51.048996
 564.0  0.289262  51.373371
 565.0  0.286194  51.737614
 566.0  0.283292  52.084404
 567.0  0.280435  52.428226
 568.0  0.277282  52.810223
 569.0  0.274794  53.113647
 570.0  0.271887  53.470352
 571.0  0.268912  53.837906
 572.0  0.266303  54.162323
 573.0  0.263370  54.529274
 574.0  0.260885  54.842171
 575.0  0.258062  55.199833
 576.0  0.255459  55.531727
 577.0  0.253018  55.844734
 578.0  0.250375  56.185608
 579.0  0.247968  56.497818
 580.0  0.245568  56.810970
 581.0  0.243424  57.092121
 582.0  0.241594  57.333164
 583.0  0.240143  57.525089
 584.0  0.239053  57.669559
 585.0  0.238129  57.792400
 586.0  0.230588  58.804634
 587.0  0.228480  59.090786
 588.0  0.226397  59.374943
 589.0  0.224227  59.672287
 590.0  0.222239  59.946171
 591.0  0.220170  60.232372
 592.0  0.218174  60.509827
 593.0  0.216266  60.776325
 594.0  0.214141  61.074387
 595.0  0.212213  61.346100
 596.0  0.210144  61.639019
 597.0  0.208133  61.925076
 598.0  0.206323  62.183723
 599.0  0.204713  62.414650
 600.0  0.202666  62.709606
 601.0  0.200899  62.965240
 602.0  0.199218  63.209476
 603.0  0.197413  63.472725
 604.0  0.195860  63.700081
 605.0  0.194191  63.945339
 606.0  0.192612  64.178261
 607.0  0.190888  64.433533
 608.0  0.189207  64.683487
 609.0  0.187450  64.945702
 610.0  0.185878  65.181107
 611.0  0.184474  65.392281
 612.0  0.182891  65.630959
 613.0  0.181334  65.866676
 614.0  0.180055  66.060936
 615.0  0.178515  66.295631
 616.0  0.176995  66.528038
 617.0  0.175702  66.726448
 618.0  0.174559  66.902237
 619.0  0.173161  67.118065
 620.0  0.171701  67.344055
 621.0  0.170344  67.554695
 622.0  0.169196  67.733498
 623.0  0.168036  67.914696
 624.0  0.166751  68.116013
 625.0  0.165048  68.383682
 626.0  0.163858  68.571289
 627.0  0.162696  68.754875
 628.0  0.161729  68.908295
 629.0  0.160657  69.078583
 630.0  0.159536  69.256973
 631.0  0.158549  69.414558
 632.0  0.157413  69.596451
 633.0  0.156183  69.793900
 634.0  0.155261  69.942169
 635.0  0.154409  70.079529
 636.0  0.153236  70.268990
 637.0  0.152371  70.409164
 638.0  0.151641  70.527565
 639.0  0.150723  70.676865
 640.0  0.149665  70.849251
 641.0  0.148647  71.015503
 642.0  0.147688  71.172462
 643.0  0.146680  71.337807
 644.0  0.145836  71.476578
 645.0  0.144950  71.622581
 646.0  0.143968  71.784760
 647.0  0.143020  71.941658
 648.0  0.142259  72.067772
 649.0  0.141588  72.179176
 650.0  0.140944  72.286362
 651.0  0.140277  72.397423
 652.0  0.139580  72.513725
 653.0  0.138807  72.642799
 654.0  0.137848  72.803391
 655.0  0.137036  72.939651
 656.0  0.136078  73.100761
 657.0  0.135526  73.193718
 658.0  0.134909  73.297844
 659.0  0.134196  73.418282
 660.0  0.133689  73.503998
 661.0  0.132987  73.622871
 662.0  0.132418  73.719490
 663.0  0.131689  73.843330
 664.0  0.130923  73.973572
 665.0  0.129995  74.131897
 666.0  0.129522  74.212585
 667.0  0.128742  74.345985
 668.0  0.128155  74.446648
 669.0  0.127550  74.550423
 670.0  0.126868  74.667503
 671.0  0.126443  74.740707
 672.0  0.125793  74.852707
 673.0  0.125313  74.935349
 674.0  0.124555  75.066216
 675.0  0.123996  75.162918
 676.0  0.123621  75.227852
 677.0  0.123026  75.331123
 678.0  0.122583  75.407959
 679.0  0.122029  75.504105
 680.0  0.121310  75.629242
 681.0  0.121107  75.664650
 682.0  0.120691  75.737206
 683.0  0.120038  75.851097
 684.0  0.119815  75.890015
 685.0  0.119093  76.016380
 686.0  0.118272  76.160172
 687.0  0.117627  76.273460
 688.0  0.117265  76.336967
 689.0  0.116810  76.417030
 690.0  0.116231  76.519020
 691.0  0.115886  76.579742
 692.0  0.115488  76.649918
 693.0  0.115062  76.725197
 694.0  0.114429  76.837082
 695.0  0.113959  76.920273
 696.0  0.113622  76.979980
 697.0  0.113176  77.059090
 698.0  0.112754  77.133987
 699.0  0.112401  77.196770
 700.0  0.112052  77.258858
 701.0  0.111620  77.335663
 702.0  0.111296  77.393425
 703.0  0.110837  77.475189
 704.0  0.110581  77.520905
 705.0  0.110086  77.609283
 706.0  0.109703  77.677780
 707.0  0.109229  77.762665
 708.0  0.108798  77.839783
 709.0  0.108332  77.923454
 710.0  0.107935  77.994690
 711.0  0.107643  78.047165
 712.0  0.107246  78.118530
 713.0  0.107045  78.154633
 714.0  0.106915  78.178123
 715.0  0.106321  78.285042
 716.0  0.106334  78.282784
 717.0  0.106039  78.335899
 718.0  0.105673  78.401962
 719.0  0.105143  78.497681
 720.0  0.104941  78.534248
 721.0  0.104615  78.593170
 722.0  0.103931  78.717117
 723.0  0.103696  78.759689
 724.0  0.103310  78.829704
 725.0  0.102828  78.917213
 726.0  0.102591  78.960266
 727.0  0.102350  79.004082
 728.0  0.101868  79.091873
 729.0  0.101487  79.161354
 730.0  0.101234  79.207451
 731.0  0.101018  79.246857
 732.0  0.100726  79.300209
 733.0  0.100473  79.346413
 734.0  0.100257  79.385780
 735.0  0.099899  79.451286
 736.0  0.099670  79.493263
 737.0  0.099245  79.571022
 738.0  0.098801  79.652397
 739.0  0.098506  79.706512
 740.0  0.098264  79.751022
 741.0  0.097985  79.802307
 742.0  0.097704  79.853935
 743.0  0.097447  79.901161
 744.0  0.097283  79.931259
 745.0  0.096754  80.028755
 746.0  0.096420  80.090240
 747.0  0.096385  80.096809
 748.0  0.096301  80.112228
 749.0  0.096061  80.156593
 750.0  0.095948  80.177322
 751.0  0.095566  80.247978
 752.0  0.095471  80.265511
 753.0  0.094218  80.497421
 754.0  0.093962  80.544815
 755.0  0.093678  80.597488
 756.0  0.093474  80.635376
 757.0  0.093264  80.674408
 758.0  0.093125  80.700317
 759.0  0.092860  80.749443
 760.0  0.092586  80.800575
 761.0  0.092327  80.848717
 762.0  0.092130  80.885452
 763.0  0.091963  80.916519
 764.0  0.091831  80.941109
 765.0  0.091688  80.967667
 766.0  0.091210  81.056969
 767.0  0.091003  81.095627
 768.0  0.090715  81.149261
 769.0  0.090842  81.125633
 770.0  0.090413  81.205727
 771.0  0.090057  81.272469
 772.0  0.089848  81.311478
 773.0  0.089490  81.378525
 774.0  0.089238  81.425766
 775.0  0.089027  81.465446
 776.0  0.088884  81.492172
 777.0  0.088689  81.528816
 778.0  0.088651  81.535980
 779.0  0.088277  81.606133
 780.0  0.088021  81.654305
 781.0  0.087799  81.696068
 782.0  0.087630  81.727760
 783.0  0.087459  81.760025
 784.0  0.087058  81.835472
 785.0  0.086755  81.892609
 786.0  0.086499  81.940956
 787.0  0.086293  81.979828
 788.0  0.086138  82.009132
 789.0  0.085878  82.058174
 790.0  0.085729  82.086288
 791.0  0.085516  82.126564
 792.0  0.085221  82.182358
 793.0  0.085029  82.218704
 794.0  0.084649  82.290817
 795.0  0.084362  82.345184
 796.0  0.084116  82.391853
 797.0  0.083783  82.454926
 798.0  0.083487  82.511299
 799.0  0.083274  82.551743
 800.0  0.082976  82.608429
 801.0  0.082888  82.625168
 802.0  0.082779  82.645874
 803.0  0.082640  82.672218
 804.0  0.082582  82.683319
 805.0  0.082506  82.697891
 806.0  0.082219  82.752388
 807.0  0.081795  82.833405
 808.0  0.081673  82.856529
 809.0  0.081593  82.871902
 810.0  0.081358  82.916733
 811.0  0.081027  82.979866
 812.0  0.080652  83.051506
 813.0  0.080236  83.131241
 814.0  0.079950  83.185890
 815.0  0.079803  83.214119
 816.0  0.079741  83.226021
 817.0  0.079562  83.260315
 818.0  0.079335  83.303909
 819.0  0.079066  83.355492
 820.0  0.078971  83.373749
 821.0  0.078571  83.450493
 822.0  0.078349  83.493134
 823.0  0.078132  83.534973
 824.0  0.077702  83.617630
 825.0  0.077523  83.652130
 826.0  0.077139  83.726143
 827.0  0.076813  83.789070
 828.0  0.076842  83.783485
 829.0  0.076761  83.798935
 830.0  0.076733  83.804436
 831.0  0.076503  83.848892
 832.0  0.076165  83.914162
 833.0  0.075897  83.966003
 834.0  0.075577  84.027870
 835.0  0.075397  84.062721
 836.0  0.075317  84.078163
 837.0  0.075139  84.112579
 838.0  0.074879  84.163040
 839.0  0.074744  84.189056
 840.0  0.074321  84.271225
 841.0  0.074306  84.274094
 842.0  0.074047  84.324265
 843.0  0.073974  84.338501
 844.0  0.073922  84.348572
 845.0  0.073092  84.509911
 846.0  0.072842  84.558685
 847.0  0.072609  84.604103
 848.0  0.072626  84.600685
 849.0  0.072598  84.606239
 850.0  0.072591  84.607513
 851.0  0.071697  84.781944
 852.0  0.071490  84.822212
 853.0  0.071275  84.864204
 854.0  0.071251  84.868950
 855.0  0.071036  84.910919
 856.0  0.070771  84.962936
 857.0  0.070598  84.996590
 858.0  0.070581  84.999931
 859.0  0.070318  85.051483
 860.0  0.069939  85.125847
 861.0  0.069618  85.188637
 862.0  0.069511  85.209633
 863.0  0.069389  85.233566
 864.0  0.069064  85.297417
 865.0  0.068863  85.336876
 866.0  0.068925  85.324814
 867.0  0.068790  85.351257
 868.0  0.068647  85.379471
 869.0  0.068552  85.398056
 870.0  0.068366  85.434677
 871.0  0.068099  85.487251
 872.0  0.067971  85.512291
 873.0  0.067719  85.561951
 874.0  0.067492  85.606743
 875.0  0.067419  85.621178
 876.0  0.067335  85.637794
 877.0  0.067183  85.667725
 878.0  0.066967  85.710251
 879.0  0.066665  85.769958
 880.0  0.066511  85.800262
 881.0  0.066406  85.821175
 882.0  0.066205  85.860809
 883.0  0.066017  85.898010
 884.0  0.065833  85.934303
 885.0  0.065642  85.972168
 886.0  0.065461  86.008018
 887.0  0.065321  86.035675
 888.0  0.065340  86.031967
 889.0  0.065232  86.053482
 890.0  0.065050  86.089554
 891.0  0.064949  86.109550
 892.0  0.064751  86.148750
 893.0  0.064599  86.178856
 894.0  0.064122  86.273529
 895.0  0.063780  86.341545
 896.0  0.063725  86.352516
 897.0  0.063477  86.401909
 898.0  0.063533  86.390663
 899.0  0.063437  86.409805
 900.0  0.063326  86.431915
 901.0  0.063189  86.459152
 902.0  0.062851  86.526550
 903.0  0.062698  86.557053
 904.0  0.062495  86.597359
 905.0  0.062437  86.609055
 906.0  0.062305  86.635231
 907.0  0.062060  86.684189
 908.0  0.061935  86.709221
 909.0  0.061934  86.709320
 910.0  0.061933  86.709480
 911.0  0.061754  86.745361
 912.0  0.061459  86.804314
 913.0  0.061211  86.853882
 914.0  0.061187  86.858727
 915.0  0.061245  86.847046
 916.0  0.061222  86.851646
 917.0  0.060879  86.920280
 918.0  0.060767  86.942665
 919.0  0.060434  87.009300
 920.0  0.060611  86.974007
 921.0  0.060555  86.985085
 922.0  0.060516  86.992989
 923.0  0.060331  87.030052
 924.0  0.060139  87.068573
 925.0  0.059965  87.103355
 926.0  0.059617  87.173172
 927.0  0.059556  87.185516
 928.0  0.059681  87.160271
 929.0  0.059631  87.170464
 930.0  0.059571  87.182381
 931.0  0.059494  87.197960
 932.0  0.059425  87.211678
 933.0  0.059088  87.279503
 934.0  0.058916  87.313957
 935.0  0.058604  87.376846
 936.0  0.058605  87.376579
 937.0  0.058626  87.372429
 938.0  0.058623  87.373032
 939.0  0.058540  87.389557
 940.0  0.058462  87.405411
 941.0  0.058359  87.426125
 942.0  0.058516  87.394447
 943.0  0.058463  87.405052
 944.0  0.058344  87.429024
 945.0  0.058388  87.420219
 946.0  0.058074  87.483566
 947.0  0.058102  87.477730
 948.0  0.058027  87.492859
 949.0  0.057775  87.543694
 950.0  0.057535  87.592201
 951.0  0.057427  87.613960
 952.0  0.057303  87.639000
 953.0  0.057139  87.672104
 954.0  0.056998  87.700554
 955.0  0.056845  87.731346
 956.0  0.056638  87.773239
 957.0  0.056498  87.801552
 958.0  0.056373  87.826714
 959.0  0.056400  87.821243
 960.0  0.056356  87.830284
 961.0  0.056180  87.865852
 962.0  0.056022  87.897789
 963.0  0.055855  87.931595
 964.0  0.055833  87.936089
 965.0  0.055595  87.984306
 966.0  0.055308  88.042526
 967.0  0.055268  88.050453
 968.0  0.055141  88.076218
 969.0  0.055130  88.078491
 970.0  0.055040  88.096703
 971.0  0.054913  88.122581
 972.0  0.054654  88.175156
 973.0  0.054651  88.175713
 974.0  0.054426  88.221443
 975.0  0.054500  88.206337
 976.0  0.054595  88.187164
 977.0  0.054267  88.253632
 978.0  0.054402  88.226189
 979.0  0.054069  88.294022
 980.0  0.054124  88.282753
 981.0  0.053967  88.314728
 982.0  0.053897  88.328934
 983.0  0.054057  88.296402
 984.0  0.053687  88.371590
 985.0  0.053787  88.351410
 986.0  0.053691  88.370934
 987.0  0.053756  88.357689
 988.0  0.053589  88.391579
 989.0  0.054058  88.296181
 990.0  0.053913  88.325729
 991.0  0.053435  88.422935
 992.0  0.053697  88.369553
 993.0  0.053508  88.408104
 994.0  0.053776  88.353470
 995.0  0.053709  88.367249
 996.0  0.053442  88.421600
 997.0  0.053540  88.401527
 998.0  0.053160  88.479019
 999.0  0.053349  88.440460
1000.0  0.053343  88.441719
1001.0  0.053275  88.455536
1002.0  0.053206  88.469543
1003.0  0.053102  88.490768
1004.0  0.053321  88.446136
1005.0  0.053480  88.413879
1006.0  0.053509  88.407883
1007.0  0.053546  88.400337
1008.0  0.053517  88.406334
1009.0  0.053458  88.418175
1010.0  0.053430  88.423882
1011.0  0.053537  88.402138
1012.0  0.053522  88.405289
1013.0  0.053380  88.434174
1014.0  0.053407  88.428635
1015.0  0.053446  88.420769
1016.0  0.053304  88.449608
1017.0  0.053349  88.440529
1018.0  0.053296  88.451210
1019.0  0.053265  88.457527
1020.0  0.053428  88.424438
1021.0  0.053066  88.498085
1022.0  0.053186  88.473625
1023.0  0.053080  88.495338
1024.0  0.052997  88.512177
1025.0  0.053279  88.454681
1026.0  0.052256  88.663376
1027.0  0.052346  88.645027
1028.0  0.052680  88.576897
1029.0  0.052277  88.659065
1030.0  0.052798  88.552681
1031.0  0.052453  88.623108
1032.0  0.052543  88.604668
1033.0  0.052572  88.598877
1034.0  0.052169  88.681068
1035.0  0.052524  88.608536
1036.0  0.052449  88.623909
1037.0  0.052271  88.660309
1038.0  0.052032  88.709114
1039.0  0.051911  88.733757
1040.0  0.051773  88.762016
1041.0  0.051716  88.773666
1042.0  0.051645  88.788162
1043.0  0.050923  88.935982
1044.0  0.050954  88.929482
1045.0  0.050597  89.002571
1046.0  0.050435  89.035782
1047.0  0.050100  89.104652
1048.0  0.050154  89.093552
1049.0  0.049645  89.197960
1050.0  0.049339  89.260834
1051.0  0.048854  89.360558
1052.0  0.048266  89.481689
1053.0  0.070116  85.091133
1054.0  0.047873  89.562637
1055.0  0.047859  89.565514
1056.0  0.047783  89.581169
1057.0  0.047505  89.638481
1058.0  0.047773  89.583359
1059.0  0.047434  89.653297
1060.0  0.047162  89.709450
1061.0  0.047138  89.714424
1062.0  0.046813  89.781456
1063.0  0.046613  89.822960
1064.0  0.046801  89.784065
1065.0  0.046093  89.930473
1066.0  0.045886  89.973389
1067.0  0.046171  89.914383
1068.0  0.044912  90.175362
1069.0  0.044928  90.172096
1070.0  0.044583  90.243805
1071.0  0.043517  90.465553
1072.0  0.044232  90.316757
1073.0  0.043247  90.521667
1074.0  0.043274  90.516174
1075.0  0.043153  90.541321
1076.0  0.041933  90.796150
1077.0  0.042600  90.656784
1078.0  0.041241  90.940941
1079.0  0.041896  90.803795
1080.0  0.040555  91.084511
1081.0  0.040692  91.055840
1082.0  0.040148  91.169907
1083.0  0.039394  91.328430
1084.0  0.040036  91.193535
1085.0  0.038530  91.510254
1086.0  0.038463  91.524399
1087.0  0.037423  91.743958
1088.0  0.037142  91.803329
1089.0  0.036185  92.005722
1090.0  0.035606  92.128441
1091.0  0.035369  92.178810
1092.0  0.034579  92.346588
1093.0  0.033412  92.595024
1094.0  0.033259  92.627670
1095.0  0.031092  93.091057
1096.0  0.030498  93.218422
1097.0  0.029115  93.515862
1098.0  0.026896  93.994888
1099.0  0.024293  94.559860
1100.0  0.019792  95.544968
