B.E.(eV)           Raw Intensity       Peak Sum            Background          Peak 1              Peak 2              Peak 3              Peak 4              difference
 413.02             6910.71             6929.635            6910.71             6916.537            6917.911            6915.939            6911.377           -18.9248 
 412.97             6916.79             6929.784            6910.71             6916.579            6917.966            6915.984            6911.385           -12.99365 
 412.92             6960.27             6929.921            6910.697            6916.608            6918.009            6916.016            6911.381            30.34863 
 412.87             7005.47             6929.97             6910.594            6916.547            6917.961            6915.958            6911.286            75.5 
 412.82             6768.97             6929.926            6910.396            6916.392            6917.82             6915.806            6911.097           -160.9561 
 412.77             7044.05             6930.378            6910.691            6916.73             6918.173            6916.147            6911.401            113.6719 
 412.72             6945.6              6930.256            6910.413            6916.495            6917.953            6915.916            6911.131            15.34375 
 412.67             6837.47             6930.343            6910.339            6916.466            6917.938            6915.89             6911.067           -92.87305 
 412.62             6839.85             6930.657            6910.491            6916.663            6918.149            6916.09             6911.228           -90.80664 
 412.57             6817.14             6930.968            6910.639            6916.856            6918.357            6916.287            6911.385           -113.8281 
 412.52             6903.84             6931.329            6910.834            6917.096            6918.613            6916.532            6911.59            -27.48926 
 412.47             6944.26             6931.511            6910.849            6917.157            6918.689            6916.596            6911.614            12.74854 
 412.42             6974.12             6931.611            6910.779            6917.134            6918.682            6916.577            6911.554            42.50928 
 412.37             6888.15             6931.651            6910.647            6917.049            6918.613            6916.497            6911.433           -43.50146 
 412.32             7037.76             6931.873            6910.694            6917.144            6918.724            6916.596            6911.49             105.8872 
 412.27             6998.35             6931.783            6910.428            6916.926            6918.523            6916.383            6911.235            66.56738 
 412.22             7129.45             6931.778            6910.245            6916.792            6918.405            6916.253            6911.062            197.6724 
 412.17             6872.09             6931.501            6909.787            6916.383            6918.013            6915.85             6910.615           -59.41113 
 412.12             6660.56             6931.763            6909.865            6916.511            6918.158            6915.984            6910.705           -271.2026 
 412.07             6656.91             6932.469            6910.386            6917.083            6918.747            6916.56             6911.237           -275.5591 
 412.02             6598.35             6933.187            6910.916            6917.663            6919.345            6917.146            6911.779           -334.8369 
 411.97             6798.54             6934.03             6911.568            6918.368            6920.067            6917.857            6912.443           -135.4902 
 411.92             6987.48             6934.459            6911.804            6918.656            6920.374            6918.151            6912.691            53.021 
 411.87             6918.23             6934.497            6911.646            6918.551            6920.287            6918.052            6912.546           -16.26709 
 411.82             6555.24             6934.682            6911.633            6918.591            6920.346            6918.098            6912.545           -379.4414 
 411.77             6566.64             6935.626            6912.377            6919.389            6921.163            6918.903            6913.303           -368.9863 
 411.72             6621.1              6936.552            6913.099            6920.166            6921.959            6919.687            6914.038           -315.4521 
 411.67             6954.11             6937.368            6913.709            6920.831            6922.644            6920.359            6914.662            16.7417 
 411.62             6754.44             6937.492            6913.624            6920.802            6922.634            6920.337            6914.59            -183.0518 
 411.57             6721.2              6938.037            6913.957            6921.191            6923.044            6920.735            6914.938           -216.8364 
 411.52             6580.28             6938.654            6914.359            6921.651            6923.524            6921.202            6915.354           -358.3745 
 411.47             6720.19             6939.569            6915.057            6922.407            6924.301            6921.966            6916.067           -219.3794 
 411.42             6750.38             6940.198            6915.464            6922.873            6924.788            6922.44             6916.49            -189.8179 
 411.37             6477.4              6940.766            6915.809            6923.277            6925.213            6922.853            6916.85            -463.3662 
 411.32             6540.73             6941.909            6916.725            6924.253            6926.211            6923.837            6917.781           -401.1787 
 411.27             6374.51             6942.924            6917.51             6925.099            6927.08             6924.693            6918.583           -568.4146 
 411.22             6251.75             6944.291            6918.644            6926.294            6928.297            6925.898            6919.733           -692.541 
 411.17             6531.53             6945.921            6920.037            6927.75             6929.775            6927.363            6921.144           -414.3911 
 411.12             6603.46             6946.973            6920.849            6928.625            6930.673            6928.248            6921.973           -343.5127 
 411.07             6325.74             6947.879            6921.512            6929.352            6931.424            6928.985            6922.653           -622.1387 
 411.02             6429.46             6949.371            6922.756            6930.661            6932.757            6930.305            6923.916           -519.9106 
 410.97             6503.75             6950.651            6923.786            6931.756            6933.876            6931.412            6924.965           -446.9014 
 410.92             6541.49             6951.783            6924.664            6932.7              6934.845            6932.367            6925.861           -410.2925 
 410.87             6625.64             6952.841            6925.464            6933.567            6935.738            6933.247            6926.681           -327.2012 
 410.82             6086.3              6953.729            6926.09             6934.262            6936.458            6933.953            6927.328           -867.4292 
 410.77             6244.3              6955.749            6927.844            6936.084            6938.307            6935.789            6929.102           -711.4492 
 410.72             6338.41             6957.446            6929.272            6937.582            6939.83             6937.299            6930.551           -619.0361 
 410.67             6303.96             6958.954            6930.506            6938.887            6941.162            6938.617            6931.807           -654.9941 
 410.62             6606.96             6960.541            6931.815            6940.267            6942.569            6940.011            6933.138           -353.5806 
 410.57             6209.64             6961.501            6932.494            6941.018            6943.348            6940.776            6933.839           -751.8608 
 410.52             6346.88             6963.297            6934.003            6942.601            6944.959            6942.375            6935.373           -616.4175 
 410.47             6226.81             6964.814            6935.23             6943.902            6946.289            6943.69             6936.623           -738.0044 
 410.42             6356                6966.589            6936.709            6945.457            6947.873            6945.261            6938.127           -610.5889 
 410.37             6251.67             6968.102            6937.922            6946.746            6949.192            6946.566            6939.365           -716.4321 
 410.32             6256.48             6969.84             6939.356            6948.257            6950.733            6948.093            6940.825           -713.3599 
 410.27             6100.59             6971.576            6940.782            6949.761            6952.268            6949.615            6942.278           -870.9858 
 410.22             6126.07             6973.645            6942.537            6951.595            6954.134            6951.467            6944.06            -847.5747 
 410.17             6318.8              6975.668            6944.242            6953.381            6955.951            6953.271            6945.793           -656.8687 
 410.12             6262.14             6977.3              6945.549            6954.769            6957.372            6954.677            6947.129           -715.1602 
 410.07             6299.42             6979.057            6946.976            6956.279            6958.914            6956.207            6948.585           -679.6367 
 410.02             6243.25             6980.744            6948.329            6957.715            6960.384            6957.663            6949.969           -737.4941 
 409.97             6216.32             6982.557            6949.801            6959.272            6961.975            6959.241            6951.473           -766.2373 
 409.92             6239.11             6984.435            6951.333            6960.89             6963.627            6960.879            6953.037           -745.3247 
 409.87             6319.66             6986.274            6952.821            6962.465            6965.238            6962.476            6954.558           -666.6143 
 409.82             6351.05             6987.955            6954.143            6963.875            6966.685            6963.909            6955.915           -636.9048 
 409.77             6482.35             6989.578            6955.403            6965.225            6968.07             6965.282            6957.209           -507.2275 
 409.72             6250.14             6990.936            6956.391            6966.304            6969.187            6966.385            6958.234           -740.7959 
 409.67             6158.47             6992.788            6957.866            6967.871            6970.792            6967.977            6959.747           -834.3174 
 409.62             5971.01             6994.84             6959.536            6969.634            6972.594            6969.765            6961.456           -1023.83 
 409.57             6308.19             6997.294            6961.601            6971.793            6974.792            6971.951            6963.56            -689.104 
 409.52             6437.3              6999.055            6962.965            6973.253            6976.293            6973.438            6964.966           -561.7549 
 409.47             6166.79             7000.555            6964.063            6974.449            6977.529            6974.662            6966.106           -833.7651 
 409.42             6088.36             7002.631            6965.729            6976.212            6979.335            6976.454            6967.815           -914.271 
 409.37             6295.46             7004.881            6967.561            6978.145            6981.31             6978.417            6969.692           -709.4209 
 409.32             6222.51             7006.71             6968.965            6979.65             6982.859            6979.953            6971.143           -784.2007 
 409.27             6067.28             7008.702            6970.524            6981.313            6984.565            6981.646            6972.75            -941.4219 
 409.22             6113.01             7011.029            6972.41             6983.303            6986.601            6983.669            6974.686           -898.019 
 409.17             6242.51             7013.273            6974.205            6985.204            6988.547            6985.604            6976.533           -770.7632 
 409.12             6167.38             7015.259            6975.734            6986.84             6990.23             6987.275            6978.115           -847.8789 
 409.07             6192.2              7017.413            6977.422            6988.638            6992.075            6989.108            6979.858           -825.2129 
 409.02             6210.73             7019.528            6979.062            6990.389            6993.875            6990.896            6981.555           -808.7979 
 408.97             6211.98             7021.616            6980.667            6992.106            6995.642            6992.651            6983.219           -809.6362 
 408.92             6127.17             7023.715            6982.272            6993.825            6997.412            6994.41             6984.885           -896.5449 
 408.87             6281                7026.003            6984.058            6995.727            6999.365            6996.352            6986.734           -745.0034 
 408.82             6182.22             7027.984            6985.526            6997.313            7001.003            6997.979            6988.268           -845.7637 
 408.77             6270.41             7030.185            6987.204            6999.11             7002.854            6999.819            6990.014           -759.7749 
 408.72             5963.97             7032.215            6988.701            7000.728            7004.527            7001.482            6991.582           -1068.245 
 408.67             6160.74             7034.899            6990.842            7002.991            7006.847            7003.791            6993.795           -874.1587 
 408.62             6192.08             7037.188            6992.576            7004.85             7008.762            7005.697            6995.605           -845.1079 
 408.57             6231.46             7039.427            6994.248            7006.649            7010.619            7007.545            6997.356           -807.9668 
 408.52             6210.08             7041.599            6995.841            7008.371            7012.401            7009.317            6999.032           -831.519 
 408.47             6469                7043.831            6997.482            7010.143            7014.234            7011.142            7000.759           -574.8306 
 408.42             6313.1              7045.537            6998.586            7011.379            7015.532            7012.432            7001.952           -732.437 
 408.37             6352.76             7047.585            7000.018            7012.946            7017.162            7014.054            7003.476           -694.8257 
 408.32             6488.16             7049.566            7001.369            7014.435            7018.715            7015.6              7004.924           -561.4063 
 408.27             6318.41             7051.283            7002.441            7015.646            7019.993            7016.871            7006.097           -732.8726 
 408.22             6169.34             7053.37             7003.87             7017.217            7021.631            7018.502            7007.63            -884.0298 
 408.17             6490.93             7055.785            7005.613            7019.104            7023.586            7020.452            7009.483           -564.8545 
 408.12             6454.75             7057.548            7006.688            7020.325            7024.878            7021.738            7010.672           -602.7983 
 408.07             6797.99             7059.405            7007.841            7021.626            7026.251            7023.107            7011.944           -261.415 
 408.02             6997.27             7060.564            7008.28             7022.216            7026.915            7023.766            7012.508           -63.29443 
 407.97             6552.06             7061.325            7008.303            7022.392            7027.166            7024.014            7012.661           -509.2646 
 407.92             6396.17             7063.033            7009.255            7023.5              7028.352            7025.197            7013.75            -666.8628 
 407.87             6355.89             7065.088            7010.536            7024.94             7029.87             7026.713            7015.174           -709.1978 
 407.82             6691.91             7067.248            7011.903            7026.468            7031.479            7028.32             7016.691           -375.3379 
 407.77             6683.24             7068.73             7012.572            7027.301            7032.393            7029.235            7017.517           -385.4897 
 407.72             6627.17             7070.251            7013.26             7028.156            7033.332            7030.174            7018.37            -443.0815 
 407.67             6974.92             7071.914            7014.066            7029.131            7034.394            7031.237            7019.349           -96.99365 
 407.62             6775.11             7072.873            7014.147            7029.385            7034.735            7031.582            7019.613           -297.7632 
 407.57             6608.22             7074.273            7014.646            7030.06             7035.5              7032.35             7020.303           -466.0532 
 407.52             6633.99             7076.049            7015.495            7031.087            7036.62             7033.474            7021.354           -442.0591 
 407.47             6785.58             7077.798            7016.292            7032.065            7037.692            7034.553            7022.363           -292.2178 
 407.42             6871.01             7079.258            7016.774            7032.732            7038.456            7035.323            7023.07            -208.2485 
 407.37             6851.22             7080.571            7017.079            7033.225            7039.047            7035.923            7023.611           -229.3506 
 407.32             6751.93             7081.954            7017.425            7033.763            7039.686            7036.571            7024.208           -330.0234 
 407.27             6700.3              7083.577            7017.979            7034.512            7040.54             7037.436            7025.028           -383.2773 
 407.22             6924.13             7085.34             7018.643            7035.374            7041.507            7038.417            7025.972           -161.2104 
 407.17             6914.23             7086.673            7018.841            7035.773            7042.016            7038.939            7026.467           -172.4429 
 407.12             6838.92             7088.063            7019.059            7036.197            7042.551            7039.491            7027.001           -249.1431 
 407.07             6603.48             7089.649            7019.436            7036.783            7043.251            7040.208            7027.713           -486.1694 
 407.02             6891.93             7091.769            7020.304            7037.865            7044.451            7041.427            7028.938           -199.8389 
 406.97             6928.3              7093.33             7020.572            7038.35             7045.056            7042.054            7029.586           -165.0298 
 406.92             6811.26             7094.86             7020.765            7038.764            7045.592            7042.614            7030.184           -283.6006 
 406.87             6957.67             7096.687            7021.202            7039.427            7046.382            7043.43             7031.055           -139.0166 
 406.82             6979.33             7098.259            7021.335            7039.79             7046.874            7043.95             7031.651           -118.9287 
 406.77             6844.36             7099.842            7021.423            7040.111            7047.329            7044.435            7032.236           -255.4819 
 406.72             7079.04             7101.766            7021.793            7040.719            7048.073            7045.213            7033.139           -22.72559 
 406.67             6754.26             7103.266            7021.673            7040.843            7048.337            7045.512            7033.594           -349.0063 
 406.62             6554.2              7105.516            7022.232            7041.649            7049.287            7046.501            7034.774           -551.3159 
 406.57             6930.28             7108.261            7023.209            7042.879            7050.665            7047.92             7036.426           -177.9814 
 406.52             7177.93             7110.313            7023.404            7043.331            7051.268            7048.569            7037.356            67.61768 
 406.47             7057.95             7111.946            7023.081            7043.271            7051.363            7048.713            7037.843           -53.99609 
 406.42             6930.84             7113.946            7023.008            7043.465            7051.718            7049.12             7038.668           -183.106 
 406.37             7016.45             7116.352            7023.201            7043.931            7052.348            7049.805            7039.87            -99.90137 
 406.32             6959.23             7118.749            7023.215            7044.224            7052.809            7050.327            7041.034           -159.519 
 406.27             7134.03             7121.481            7023.349            7044.642            7053.401            7050.982            7042.502            12.54883 
 406.22             6825.55             7124.121            7023.117            7044.7              7053.638            7051.288            7043.847           -298.5708 
 406.17             7119.29             7127.759            7023.53             7045.409            7054.529            7052.252            7046.158           -8.46875 
 406.12             7105.16             7131.253            7023.33             7045.511            7054.82             7052.621            7048.291           -26.09326 
 406.07             7171.16             7135.391            7023.159            7045.648            7055.151            7053.036            7051.032            35.76904 
 406.02             7107.24             7140.203            7022.85             7045.654            7055.357            7053.331            7054.411           -32.96289 
 405.97             7092.19             7146.205            7022.673            7045.799            7055.708            7053.776            7058.943           -54.01514 
 405.92             7244.79             7153.614            7022.528            7045.981            7056.102            7054.271            7064.843            91.17578 
 405.87             7093.82             7162.474            7022.064            7045.853            7056.191            7054.468            7072.154           -68.6543 
 405.82             7250.77             7173.873            7021.914            7046.045            7056.607            7055                7081.962            76.89746 
 405.77             7231.48             7187.722            7021.436            7045.917            7056.71             7055.225            7094.177            43.7583 
 405.72             7171.13             7204.981            7020.998            7045.836            7056.868            7055.512            7109.757           -33.85107 
 405.67             7217.08             7226.401            7020.684            7045.888            7057.164            7055.947            7129.453           -9.321289 
 405.62             7262.82             7252.459            7020.273            7045.852            7057.38             7056.311            7153.737            10.36035 
 405.57             7416.06             7283.79             7019.767            7045.727            7057.516            7056.603            7183.244            132.2705 
 405.52             7594.35             7320.803            7018.939            7045.29             7057.348            7056.601            7218.381            273.5474 
 405.47             7534.98             7363.87             7017.737            7044.486            7056.822            7056.252            7259.519            171.1104 
 405.42             7692.38             7413.786            7016.656            7043.814            7056.436            7056.054            7307.45             278.5938 
 405.37             7850.61             7470.156            7015.245            7042.821            7055.738            7055.557            7361.775            380.4541 
 405.32             7698.23             7532.6              7013.5              7041.503            7054.726            7054.756            7422.114            165.6304 
 405.27             7659.06             7601.166            7012.07             7040.511            7054.048            7054.305            7488.511            57.89404 
 405.22             7600.28             7674.439            7010.719            7039.607            7053.47             7053.966            7559.552           -74.15918 
 405.17             7760.83             7750.979            7009.487            7038.834            7053.033            7053.785            7633.789            9.851563 
 405.12             7905.82             7828.418            7007.918            7037.735            7052.28             7053.304            7708.854            77.40137 
 405.07             7808.61             7904.332            7006.042            7036.34             7051.245            7052.556            7782.319           -95.72217 
 405.02             8002.24             7976.596            7004.366            7035.156            7050.432            7052.051            7852.056            25.64404 
 404.97             8054.44             8041.528            7002.282            7033.577            7049.237            7051.181            7914.38             12.91162 
 404.92             8066.92             8096.367            7000.084            7031.896            7047.953            7050.245            7966.527           -29.44727 
 404.87             7858.18             8138.241            6997.856            7030.198            7046.667            7049.327            8005.619           -280.061 
 404.82             8413.93             8165.029            6996.06             7028.944            7045.838            7048.892            8029.534            248.9004 
 404.77             8185.44             8173.464            6993.098            7026.539            7043.875            7047.346            8034.997            11.97559 
 404.72             8013.18             8164.59             6990.607            7024.62             7042.413            7046.329            8023.051           -151.4097 
 404.67             7953.83             8138.959            6988.472            7023.069            7041.336            7045.725            7994.244           -185.1289 
 404.62             7701.77             8098.081            6986.455            7021.654            7040.412            7045.306            7950.075           -396.311 
 404.57             7964.84             8044.98             6984.961            7020.776            7040.043            7045.474            7893.569           -80.14014 
 404.52             8243.04             7981.523            6982.914            7019.363            7039.158            7045.162            7826.583            261.5166 
 404.47             8356.21             7910.865            6980.282            7017.381            7037.724            7044.337            7752.27             445.3447 
 404.42             8157.76             7836.298            6977.408            7015.174            7036.086            7043.351            7673.912            321.4619 
 404.37             7953.13             7761.136            6974.943            7013.394            7034.898            7042.856            7594.816            191.9937 
 404.32             8068.91             7687.834            6972.9              7012.055            7034.173            7042.872            7517.434            381.0757 
 404.27             7847.49             7617.581            6970.61             7010.489            7033.247            7042.737            7442.939            229.9097 
 404.22             7699.41             7552.672            6968.779            7009.401            7032.822            7043.157            7373.628            146.7378 
 404.17             7503.86             7493.994            6967.253            7008.64             7032.751            7043.989            7310.373            9.865723 
 404.12             7428.26             7442.286            6966.132            7008.306            7033.136            7045.341            7253.9             -14.02588 
 404.07             7619.76             7397.654            6965.167            7008.149            7033.727            7046.966            7204.313            222.1055 
 404.02             7569.26             7359.469            6963.8              7007.614            7033.972            7048.32             7160.962            209.7905 
 403.97             7269.87             7328.003            6962.535            7007.206            7034.375            7049.912            7124.115           -58.1333 
 403.92             7363.42             7303.288            6961.894            7007.446            7035.461            7052.275            7093.787            60.13184 
 403.87             7204.73             7283.91             6961.055            7007.516            7036.414            7054.603            7068.542           -79.17969 
 403.82             7047.36             7269.769            6960.546            7007.941            7037.76             7057.431            7048.274           -222.4092 
 403.77             6865.68             7260.188            6960.365            7008.725            7039.504            7060.777            7032.276           -394.5083 
 403.72             6915.86             7254.598            6960.563            7009.915            7041.699            7064.708            7019.964           -338.7378 
 403.67             6677.37             7251.931            6960.656            7011.032            7043.864            7068.762            7010.24            -574.5605 
 403.62             6656.03             7252.288            6961.248            7012.68             7046.608            7073.574            7003.169           -596.2583 
 403.57             6668.05             7254.799            6961.885            7014.407            7049.481            7078.718            6997.849           -586.7495 
 403.52             6471.18             7259.057            6962.499            7016.145            7052.419            7084.171            6993.818           -787.8765 
 403.47             6521.82             7265.242            6963.525            7018.331            7055.861            7090.416            6991.21            -743.4224 
 403.42             6417.35             7272.666            6964.448            7020.451            7059.297            7097.002            6989.259           -855.3159 
 403.37             6148.39             7281.557            6965.591            7022.832            7063.058            7104.341            6988.098           -1133.167 
 403.32             6145.38             7292.212            6967.298            7025.817            7067.489            7112.872            6987.928           -1146.833 
 403.27             6045.32             7304.122            6969.014            7028.856            7072.045            7122.18             6988.083           -1258.802 
 403.22             5903.14             7317.57             6970.943            7032.151            7076.934            7132.623            6988.691           -1414.43 
 403.17             6073.78             7332.809            6973.174            7035.795            7082.251            7144.502            6989.781           -1259.029 
 403.12             6373.47             7349.42             6975.052            7039.137            7087.354            7157.429            6990.657           -975.9502 
 403.07             6119.49             7367.418            6976.309            7041.908            7091.976            7171.44             6991.021           -1247.928 
 403.02             5861.35             7388.361            6978.099            7045.267            7097.284            7188.1              6992.006           -1527.011 
 402.97             5980.31             7412.71             6980.431            7049.223            7103.293            7207.879            6993.606           -1432.4 
 402.92             6155.97             7440.274            6982.52             7052.996            7109.231            7230.582            6995.024           -1284.304 
 402.87             6063.75             7471.648            6984.246            7056.469            7114.99             7256.795            6996.132           -1407.898 
 402.82             5867.37             7508.186            6986.169            7060.203            7121.138            7287.869            6997.483           -1640.815 
 402.77             6376.9              7551.114            6988.506            7064.42             7127.91             7325.014            6999.289           -1174.214 
 402.72             6434.63             7600.031            6989.783            7067.648            7133.842            7367.82             7000.071           -1165.401 
 402.67             6543.71             7657.178            6990.943            7070.834            7139.896            7418.507            7000.77            -1113.468 
 402.62             6686.85             7723.925            6991.877            7073.876            7145.986            7478.421            7001.272           -1037.075 
 402.57             6591.87             7801.706            6992.514            7076.703            7152.058            7548.981            7001.506           -1209.835 
 402.52             6470.71             7892.843            6993.351            7079.818            7158.64             7632.473            7001.963           -1422.133 
 402.47             7063.5              7999.133            6994.442            7083.28             7165.813            7730.667            7002.7             -935.6328 
 402.42             7297.59             8121.072            6994.298            7085.604            7172.127            7844.014            7002.221           -823.4819 
 402.37             7629.34             8261.485            6993.665            7087.544            7178.378            7975.284            7001.273           -632.1455 
 402.32             7991.54             8421.977            6992.337            7088.896            7184.411            8126.03             6999.649           -430.4365 
 402.27             8582.14             8604.591            6990.25             7089.607            7190.239            8298.213            6997.282           -22.45117 
 402.22             8903.18             8810.398            6986.925            7089.199            7195.463            8492.817            6993.693            92.78125 
 402.17             9395.61             9041.608            6982.922            7088.243            7200.757            8711.934            6989.441            354.002 
 402.12             9686.24             9299.269            6977.883            7086.389            7205.909            8956.455            6984.166            386.9717 
 402.07             9923.92             9584.322            6972.227            7084.06             7211.499            9227.158            6978.285            339.5977 
 402.02             10085.9             9897.591            6966.062            7081.378            7217.87             9524.619            6971.908            188.3096 
 401.97             10946.2             10238.64            6959.545            7078.506            7225.437            9848.139            6965.19             707.5625 
 401.92             11175.7             10605.35            6951.218            7073.997            7233.089            10195.24            6956.673            570.3506 
 401.87             11808.7             10997.77            6942.395            7069.179            7242.572            10565.53            6947.667            810.9346 
 401.82             12552.5             11412.3             6932.23             7063.215            7253.539            10954.91            6937.331            1140.197 
 401.77             12862               11846.25            6920.492            7055.89             7266.411            11359.99            6925.427            1015.753 
 401.72             13235.8             12296.22            6908.082            7048.118            7282.824            11776.66            6912.86             939.583 
 401.67             13554.7             12757.89            6894.865            7039.783            7303.568            12199.64            6899.494            796.8076 
 401.62             13668               13226.57            6880.955            7031.022            7329.867            12623.11            6885.441            441.4277 
 401.57             14062.4             13696.38            6866.779            7022.28             7363.366            13039.94            6871.129            366.0244 
 401.52             14572.9             14161.09            6851.749            7013.004            7405.011            13442.35            6855.969            411.8105 
 401.47             14621.5             14613.31            6835.622            7002.979            7456.176            13821.3             6839.718            8.193359 
 401.42             15070.8             15047.54            6819.36             6993.216            7519.766            14169.3             6823.337            23.2627 
 401.37             15632.9             15456.52            6802.126            6982.938            7597.135            14476.83            6805.989            176.3809 
 401.32             15679.5             15833.24            6783.681            6971.976            7690.276            14734.6             6787.435           -153.7422 
 401.27             15553.1             16173.86            6765.101            6961.513            7802.941            14935.95            6768.75            -620.7559 
 401.22             15880.5             16474.23            6746.745            6952.036            7938.026            15074.11            6750.294           -593.7266 
 401.17             16141.5             16731.44            6727.668            6942.786            8097.469            15143.07            6731.121           -589.9434 
 401.12             16288.7             16945.84            6708.005            6934.153            8284.399            15139.94            6711.365           -657.1396 
 401.07             16293.4             17119.96            6687.994            6926.699            8501.635            15064.35            6691.266           -826.5625 
 401.02             16839.1             17259.45            6667.932            6921.188            8752.476            14918.46            6671.118           -420.3496 
 400.97             16565               17370.32            6646.687            6917.08             9037.941            14705.56            6649.791           -805.3164 
 400.92             16942.1             17463.51            6625.971            6916.905            9362.031            14433.48            6628.996           -521.4063 
 400.87             17156.9             17548.02            6604.424            6920.392            9725.286            14108.24            6607.374           -391.1191 
 400.82             17310.2             17634.96            6582.383            6929.249            10128.62            13738.98            6585.259           -324.7598 
 400.77             17808.8             17735.54            6559.976            6945.464            10572.97            13334.25            6562.781            73.26172 
 400.72             18189.6             17859.47            6536.48             6970.604            11056.48            12902.61            6539.218            330.1289 
 400.67             18470.1             18016.96            6512.141            7007.889            11578.1             12452.58            6514.813            453.1367 
 400.62             18911.3             18217.44            6487.165            7061.291            12135.76            11992.11            6489.774            693.8633 
 400.57             19364.2             18468.38            6461.215            7134.961            12724.58            11528.72            6463.763            895.8164 
 400.52             19343.2             18777.26            6434.265            7234.604            13340.24            11068.46            6436.754            565.9375 
 400.47             20064.3             19150.88            6407.302            7367.795            13976.65            10618.6             6409.734            913.4258 
 400.42             20195.2             19593.21            6378.776            7541.053            14625.08            10182.25            6381.154            601.9922 
 400.37             20864               20110.47            6349.918            7765.122            15278.43            9764.429            6352.243            753.5313 
 400.32             21141.1             20704.85            6319.604            8049.317            15924.79            9367.672            6321.876            436.25 
 400.27             21906.3             21381.39            6288.646            8406.978            16554.81            8994.672            6290.869            524.9102 
 400.22             22985.5             22141.26            6256.024            8850.05             17154.72            8646.359            6258.2              844.2422 
 400.17             23025.9             22986.95            6221.083            9392.654            17711.67            8322.66             6223.212            38.95508 
 400.12             23911.4             23923.77            6185.983            10052.84            18215.09            8025.725            6188.067           -12.36719 
 400.07             24782.3             24951.21            6148.96             10843.88            18649.54            7753.676            6151               -168.9102 
 400.02             25302.2             26073.07            6110.04             11782.66            19003.14            7505.348            6112.038           -770.873 
 399.97             26529.2             27291.3             6069.954            12883.85            19264.96            7280.438            6071.911           -762.0977 
 399.92             28346.1             28607.96            6027.222            14160.17            19424.56            7075.753            6029.139           -261.8613 
 399.87             30087.7             30025.84            5980.604            15622.7             19474.27            6888.205            5982.483            61.85547 
 399.82             31566.1             31546.33            5930.253            17277.84            19410.93            6716.223            5932.094            19.76563 
 399.77             32725.3             33174.3             5876.706            19132.13            19235.51            6558.26             5878.511           -448.9961 
 399.72             34135               34909.17            5820.628            21182.66            18952.82            6413.186            5822.397           -774.1719 
 399.67             36042.9             36749.54            5761.489            23422.78            18569.45            6278.545            5763.225           -706.6367 
 399.62             38459.3             38689.68            5698.241            25839.12            18093.84            6151.498            5699.943           -230.3789 
 399.57             40986.7             40714.89            5629.813            28406.44            17536.99            6029.423            5631.483            271.8086 
 399.52             42575.8             42810.04            5555.962            31099.09            16910.71            5910.525            5557.6             -234.2344 
 399.47             45359.2             44950.11            5478.642            33879.6             16230.7             5795.485            5480.25             409.0859 
 399.42             47310.8             47102.59            5395.345            36704               15507.11            5680.588            5396.923            208.2148 
 399.37             48875.1             49232.5             5307.794            39526.29            14753.73            5566.521            5309.343           -357.4023 
 399.32             52408               51293.93            5216.798            42288.88            13983.88            5453.241            5218.319            1114.07 
 399.27             54580               53236.54            5118.228            44932.26            13203.4             5335.843            5119.721            1343.461 
 399.22             55358.8             55008.6             5014.919            47394.81            12425.6             5216.557            5016.386            350.2031 
 399.17             57174.6             56560.84            4909.767            49619.75            11661.45            5097.741            4911.208            613.7578 
 399.12             59014               57839.24            4800.603            51546.59            10915.66            4976.789            4802.019            1174.758 
 399.07             59776.8             58792.61            4687.368            53117.72            10194.94            4853.305            4688.76             984.1875 
 399.02             59900.7             59380.96            4572.302            54289.43            9505.54             4729.229            4573.669            519.7422 
 398.97             59444.2             59569.84            4456.739            55023.25            8853.046            4605.679            4458.083           -125.6445 
 398.92             59326.6             59337.18            4341.888            55295.27            8240.684            4483.673            4343.209           -10.57422 
 398.87             58361.6             58670.86            4227.04             55092.48            7668.798            4362.354            4228.339           -309.2539 
 398.82             57728.4             57576.34            4113.974            54419.54            7140.08             4243.394            4115.251            152.0586 
 398.77             56237.5             56068.57            4001.989            53292.47            6652.834            4125.994            4003.246            168.9258 
 398.72             53860.5             54180.59            3892.884            51745.13            6208.116            4011.884            3894.12            -320.0938 
 398.67             51852.8             51953.8             3788.517            49820.99            5805.765            3902.865            3789.733           -100.9961 
 398.62             49938               49434.48            3688.126            47568.77            5442.641            3798.127            3689.323            503.5156 
 398.57             47255.5             46679.83            3591.524            45047.92            5116.333            3697.451            3592.702            575.668 
 398.52             43776.5             43745.96            3500.325            42317.62            4825.421            3602.415            3501.484            30.53516 
 398.47             40927.4             40696.69            3416.2              39444.3             4568.975            3514.673            3417.341            230.707 
 398.42             37865.9             37586.61            3337.853            36485.58            4342.712            3432.904            3338.975            279.2891 
 398.37             33423.5             34469.03            3265.733            33497.62            4144.225            3357.541            3266.839           -1045.527 
 398.32             30620.4             31400.89            3202.743            30539.91            3973.906            3291.475            3203.832           -780.4902 
 398.27             28441.7             28419.92            3145.478            27652.8             3825.723            3231.285            3146.549            21.77734 
 398.22             25059.3             25566.67            3092.642            24879.04            3696.195            3175.668            3093.697           -507.3711 
 398.17             22418.5             22873.06            3046.761            22252.7             3585.709            3127.138            3047.801           -454.5605 
 398.12             20027.7             20360.06            3006.298            19796.64            3490.84             3084.149            3007.322           -332.3594 
 398.07             17751.1             18046.95            2970.746            17531.73            3409.513            3046.189            2971.755           -295.8535 
 398.02             15921.7             15940.67            2939.875            15466.4             3340.015            3013.017            2940.869           -18.97363 
 397.97             13909.3             14046.51            2912.76             13607.1             3280.247            2983.704            2913.74            -137.2139 
 397.92             12147.8             12361.73            2889.791            11952.18            3229.532            2958.635            2890.757           -213.9268 
 397.87             10474.9             10878.52            2870.455            10494.72            3186.47             2937.287            2871.406           -403.6211 
 397.82             9708.72             9588.37             2854.571            9226.914            3150.18             2919.479            2855.51             120.3496 
 397.77             8716.58             8474.902            2840.255            8133.021            3118.149            2903.318            2841.18             241.6777 
 397.72             7602.25             7525.142            2827.981            7200.534            3090.38             2889.278            2828.893            77.1084 
 397.67             7051.19             6722.755            2818.009            6413.542            3066.721            2877.611            2818.908            328.4351 
 397.62             6250.4              6049.959            2809.167            5754.596            3045.669            2867.143            2810.054            200.4404 
 397.57             5889.81             5492.053            2801.98             5209.24             3027.504            2858.394            2802.854            397.7568 
 397.52             5755.93             5032.069            2795.53             4760.735            3011.088            2850.444            2796.393            723.8608 
 397.47             5162.97             4655.742            2789.347            4394.969            2995.797            2842.819            2790.198            507.228 
 397.42             4869.14             4350.625            2784.389            4099.638            2982.451            2836.476            2785.229            518.5146 
 397.37             4608.75             4104.237            2780.035            3862.372            2970.319            2830.788            2780.863            504.5127 
 397.32             4038.74             3906.49             2776.215            3673.161            2959.258            2825.685            2777.032            132.2498 
 397.27             4093.24             3748.876            2773.578            3523.574            2949.841            2821.812            2774.384            344.3638 
 397.22             4024.22             3622.7              2770.822            3404.963            2940.72             2817.865            2771.617            401.52 
 397.17             3901.21             3521.763            2768.204            3311.181            2932.104            2814.1              2768.989            379.447 
 397.12             3814.89             3440.889            2765.837            3237.094            2924.067            2810.627            2766.612            374.0012 
 397.07             3721.08             3375.817            2763.646            3178.465            2916.51             2807.369            2764.411            345.2632 
 397.02             3659.5              3323.04             2761.646            3131.821            2909.417            2804.339            2762.402            336.4597 
 396.97             3624.76             3279.815            2759.771            3094.435            2902.706            2801.47             2760.517            344.9453 
 396.92             3570.51             3243.899            2757.964            3064.089            2896.299            2798.704            2758.7              326.6113 
 396.87             3354.44             3213.645            2756.267            3039.157            2890.217            2796.079            2756.994            140.7947 
 396.82             3224.49             3188.139            2755.018            3018.733            2884.79             2793.933            2755.736            36.35132 
 396.77             3080.13             3166.188            2754.037            3001.647            2879.821            2792.086            2754.746           -86.05811 
 396.72             3106.53             3147.106            2753.356            2987.219            2875.333            2790.566            2754.056           -40.57617 
 396.67             3315.43             3129.966            2752.619            2974.537            2870.957            2789.018            2753.31             185.4639 
 396.62             3242.5              3113.96             2751.443            2962.807            2866.299            2787.057            2752.126            128.54 
 396.57             3269.94             3099.384            2750.417            2952.33             2861.943            2785.271            2751.092            170.5557 
 396.52             3071.65             3085.781            2749.332            2942.662            2857.667            2783.45             2749.999           -14.13135 
 396.47             3084.68             3073.464            2748.659            2934.123            2853.937            2782.063            2749.318            11.21558 
 396.42             2919.42             3061.857            2747.957            2926.145            2850.305            2780.671            2748.608           -142.437 
 396.37             3050.36             3051.227            2747.599            2919.005            2847.135            2779.642            2748.242           -.8669434 
 396.32             3071.15             3040.893            2746.967            2912.026            2843.804            2778.36             2747.602            30.25708 
 396.27             3074.99             3031.014            2746.29             2905.378            2840.534            2777.052            2746.918            43.97632 
 396.22             3111.17             3021.589            2745.603            2899.062            2837.358            2775.754            2746.224            89.58081 
 396.17             2885.01             3012.507            2744.839            2892.974            2834.201            2774.397            2745.453           -127.4968 
 396.12             2857.53             3004.278            2744.547            2887.632            2831.605            2773.527            2745.153           -146.7483 
 396.07             3121.04             2996.471            2744.311            2882.606            2829.154            2772.731            2744.91             124.5691 
 396.02             2909.6              2988.445            2743.524            2877.265            2826.234            2771.401            2744.117           -78.84473 
 395.97             2754.35             2981.177            2743.177            2872.586            2823.833            2770.525            2743.763           -226.8274 
 395.92             2909.86             2974.529            2743.154            2868.437            2821.831            2769.988            2743.733           -64.66895 
 395.87             3005.72             2967.83             2742.805            2864.153            2819.574            2769.14             2743.379            37.88965 
 395.82             3043.66             2961.197            2742.256            2859.852            2817.185            2768.106            2742.823            82.46289 
 395.77             2867.96             2954.727            2741.627            2855.637            2814.78             2767.003            2742.187           -86.76733 
 395.72             2823.69             2948.861            2741.363            2851.95             2812.802            2766.28             2741.917           -125.1711 
 395.67             2820.98             2943.308            2741.191            2848.504            2810.977            2765.661            2741.739           -122.3284 
 395.62             2815.77             2937.968            2741.024            2845.204            2809.211            2765.058            2741.566           -122.1975 
 395.57             2758.34             2932.84             2740.868            2842.051            2807.511            2764.479            2741.405           -174.4998 
 395.52             2801.13             2928.018            2740.832            2839.14             2805.981            2764.029            2741.362           -126.8877 
 395.47             2832.33             2923.288            2740.706            2836.262            2804.411            2763.5              2741.231           -90.95776 
 395.42             2646.48             2918.664            2740.514            2833.431            2802.824            2762.917            2741.034           -272.1836 
 395.37             2801.52             2914.586            2740.711            2831.094            2801.668            2762.732            2741.225           -113.0659 
 395.32             2810.01             2910.342            2740.584            2828.535            2800.233            2762.233            2741.092           -100.3318 
 395.27             2916.01             2906.224            2740.439            2826.053            2798.821            2761.724            2740.942            9.786377 
 395.22             2870.38             2902.026            2740.072            2823.442            2797.227            2761.004            2740.57            -31.64648 
 395.17             2559.43             2898.057            2739.8              2821.011            2795.766            2760.386            2740.293           -338.6267 
 395.12             2776.13             2894.861            2740.177            2819.311            2794.989            2760.426            2740.664           -118.7307 
 395.07             3005.74             2891.336            2740.102            2817.237            2793.797            2760.023            2740.584            114.4038 
 395.02             2738.04             2887.446            2739.547            2814.757            2792.157            2759.147            2740.024           -149.4055 
 394.97             2759.41             2884.226            2739.55             2812.907            2791.109            2758.837            2740.023           -124.8159 
 394.92             2801.56             2881.067            2739.508            2811.079            2790.046            2758.49             2739.977           -79.50684 
 394.87             2831.89             2877.919            2739.379            2809.226            2788.926            2758.062            2739.842           -46.0293 
 394.82             2646.01             2874.806            2739.186            2807.371            2787.77             2757.577            2739.644           -228.7964 
 394.77             2870.97             2872.172            2739.38             2805.962            2787.03             2757.487            2739.834           -1.202393 
 394.72             2694                2869.159            2739.105            2804.139            2785.847            2756.934            2739.555           -175.1589 
 394.67             2879.47             2866.6              2739.199            2802.739            2785.059            2756.756            2739.645            12.87012 
 394.62             2822.17             2863.733            2738.906            2801                2783.907            2756.197            2739.347           -41.56323 
 394.57             2616.63             2861.065            2738.732            2799.431            2782.899            2755.763            2739.169           -244.4355 
 394.52             2680.65             2858.9              2738.988            2798.335            2782.343            2755.765            2739.42            -178.2502 
 394.47             2778.02             2856.675            2739.109            2797.152            2781.676            2755.638            2739.538           -78.65503 
 394.42             2895.6              2854.316            2739.028            2795.808            2780.826            2755.314            2739.452            41.28418 
 394.37             2848.02             2851.776            2738.701            2794.258            2779.751            2754.749            2739.121           -3.756104 
 394.32             2767.97             2849.4              2738.473            2792.845            2778.795            2754.288            2738.889           -81.42993 
 394.27             2800.81             2847.251            2738.411            2791.637            2778.025            2753.999            2738.823           -46.44092 
 394.22             2840.24             2845.094            2738.281            2790.396            2777.204            2753.646            2738.689           -4.853516 
 394.17             2845.01             2842.91             2738.068            2789.106            2776.319            2753.216            2738.472            2.100098 
 394.12             2747.99             2840.77             2737.844            2787.839            2775.44             2752.779            2738.245           -92.77954 
 394.07             2763.69             2838.885            2737.823            2786.805            2774.781            2752.549            2738.22            -75.19531 
 394.02             2852.71             2837.018            2737.769            2785.769            2774.104            2752.29             2738.163            15.69214 
 393.97             2854.51             2835.014            2737.529            2784.576            2773.257            2751.85             2737.919            19.49561 
 393.92             2660.59             2833.054            2737.285            2783.407            2772.421            2751.41             2737.671           -172.4636 
 393.87             2567.56             2831.542            2737.445            2782.669            2772.003            2751.377            2737.828           -263.9817 
 393.82             2591.03             2830.269            2737.8              2782.152            2771.794            2751.544            2738.179           -239.2393 
 393.77             2764.8              2828.99             2738.106            2781.611            2771.551            2751.666            2738.482           -64.19019 
 393.72             2711.87             2827.391            2738.051            2780.732            2770.959            2751.429            2738.423           -115.5205 
 393.67             2799                2825.941            2738.105            2779.986            2770.49             2751.307            2738.474           -26.94092 
 393.62             2968.04             2824.346            2737.978            2779.08             2769.851            2751.006            2738.344            143.6938 
 393.57             2849.58             2822.436            2737.498            2777.843            2768.871            2750.355            2737.86             27.14429 
 393.52             2689.57             2820.807            2737.264            2776.873            2768.149            2749.954            2737.623           -131.2368 
 393.47             2725.31             2819.547            2737.363            2776.256            2767.772            2749.89             2737.719           -94.23706 
 393.42             2722.72             2818.246            2737.388            2775.584            2767.331            2749.754            2737.741           -95.52563 
 393.37             2733.32             2816.981            2737.419            2774.936            2766.906            2749.627            2737.769           -83.66138 
 393.32             2687.47             2815.727            2737.427            2774.284            2766.47             2749.481            2737.774           -128.2568 
 393.27             2630.49             2814.598            2737.532            2773.745            2766.139            2749.434            2737.876           -184.1077 
 393.22             2709.2              2813.617            2737.755            2773.341            2765.938            2749.508            2738.096           -104.4172 
 393.17             2850.47             2812.502            2737.815            2772.791            2765.582            2749.422            2738.153            37.96826 
 393.12             2878.32             2811.117            2737.58             2771.959            2764.939            2749.043            2737.915            67.20288 
 393.07             2678.15             2809.702            2737.286            2771.085            2764.247            2748.609            2737.618           -131.5518 
 393.02             2688.14             2808.729            2737.409            2770.643            2763.981            2748.594            2737.739           -120.5891 
 392.97             2788.51             2807.76             2737.512            2770.194            2763.703            2748.561            2737.839           -19.25049 
 392.92             2693.6              2806.607            2737.406            2769.55             2763.224            2748.321            2737.729           -113.0071 
 392.87             2721.04             2805.675            2737.497            2769.116            2762.95             2748.282            2737.818           -84.63501 
 392.82             2776.72             2804.709            2737.532            2768.638            2762.627            2748.188            2737.85            -27.98877 
 392.77             2703.63             2803.647            2737.45             2768.056            2762.195            2747.98             2737.765           -100.0176 
 392.72             2665.68             2802.761            2737.521            2767.639            2761.924            2747.927            2737.833           -137.0813 
 392.67             2763.14             2801.975            2737.67             2767.313            2761.738            2747.955            2737.981           -38.83521 
 392.62             2703.6              2801.005            2737.617            2766.794            2761.356            2747.781            2737.925           -97.40454 
 392.57             2699.72             2800.179            2737.688            2766.411            2761.105            2747.735            2737.994           -100.4595 
 392.52             2653.52             2799.381            2737.768            2766.046            2760.868            2747.699            2738.071           -145.8606 
 392.47             2664.54             2798.698            2737.944            2765.788            2760.735            2747.761            2738.244           -134.1577 
 392.42             2724.34             2798.01             2738.097            2765.518            2760.585            2747.803            2738.395           -73.66992 
 392.37             2788.14             2797.215            2738.126            2765.132            2760.317            2747.722            2738.421           -9.074951 
 392.32             2651.46             2796.304            2738.021            2764.623            2759.921            2747.509            2738.314           -144.844 
 392.27             2792.85             2795.694            2738.202            2764.407            2759.816            2747.584            2738.493           -2.844238 
 392.22             2745.06             2794.806            2738.088            2763.906            2759.422            2747.365            2738.376           -49.74634 
 392.17             2677.39             2794.033            2738.073            2763.512            2759.133            2747.248            2738.36            -116.6436 
 392.12             2825.04             2793.417            2738.2              2763.269            2758.99             2747.274            2738.484            31.62305 
 392.07             2831.35             2792.507            2738.019            2762.725            2758.544            2746.993            2738.301            38.84302 
 392.02             2848.75             2791.598            2737.824            2762.175            2758.09             2746.701            2738.104            57.15161 
 391.97             2766.63             2790.667            2737.592            2761.596            2757.604            2746.373            2737.87            -24.03687 
 391.92             2726.02             2789.92             2737.531            2761.196            2757.294            2746.218            2737.807           -63.89966 
 391.87             2858.72             2789.271            2737.555            2760.887            2757.073            2746.149            2737.829            69.44922 
 391.82             2748.13             2788.358            2737.302            2760.308            2756.579            2745.804            2737.573           -40.22803 
 391.77             2684.02             2787.688            2737.28             2759.967            2756.321            2745.691            2737.549           -103.6682 
 391.72             2660.83             2787.164            2737.391            2759.765            2756.2              2745.714            2737.658           -126.334 
 391.67             2807.08             2786.701            2737.551            2759.619            2756.132            2745.786            2737.816            20.37891 
 391.62             2722                2785.945            2737.406            2759.175            2755.763            2745.555            2737.669           -63.94482 
 391.57             2698.37             2785.377            2737.438            2758.913            2755.576            2745.503            2737.699           -87.00708 
 391.52             2797.25             2784.87             2737.52             2758.707            2755.442            2745.501            2737.779            12.37988 
 391.47             2846.77             2784.168            2737.395            2758.3              2755.105            2745.295            2737.652            62.60229 
 391.42             2686.86             2783.372            2737.166            2757.795            2754.669            2744.985            2737.421           -96.51172 
 391.37             2621.91             2782.92             2737.271            2757.629            2754.569            2745.011            2737.524           -161.0098 
 391.32             2755.57             2782.614            2737.512            2757.604            2754.61             2745.173            2737.764           -27.04395 
 391.27             2628.46             2782.039            2737.475            2757.306            2754.375            2745.059            2737.724           -153.5791 
 391.22             2591.25             2781.74             2737.702            2757.278            2754.408            2745.21             2737.95            -190.4895 
 391.17             2620.3              2781.527            2738.008            2757.333            2754.523            2745.441            2738.254           -161.2273 
 391.12             2612.21             2781.264            2738.254            2757.333            2754.582            2745.614            2738.498           -169.0542 
 391.07             2531.29             2781.027            2738.517            2757.355            2754.661            2745.804            2738.76            -249.7373 
 391.02             2734.86             2780.969            2738.95             2757.551            2754.912            2746.165            2739.19            -46.10864 
 390.97             2814.78             2780.495            2738.958            2757.327            2754.742            2746.103            2739.197            34.2854 
 390.92             2659.12             2779.863            2738.8              2756.941            2754.409            2745.876            2739.037           -120.7424 
 390.87             2780.62             2779.562            2738.967            2756.884            2754.403            2745.973            2739.202            1.057861 
 390.82             2627.21             2779.017            2738.88             2756.577            2754.146            2745.819            2739.113           -151.8069 
 390.77             2657.58             2778.799            2739.113            2756.594            2754.213            2745.986            2739.345           -121.2192 
 390.72             2699.75             2778.527            2739.283            2756.553            2754.219            2746.091            2739.514           -78.7771 
 390.67             2746.25             2778.174            2739.366            2756.428            2754.141            2746.108            2739.594           -31.92407 
 390.62             2852.53             2777.731            2739.351            2756.209            2753.967            2746.03             2739.578            74.79907 
 390.57             2687.55             2777.074            2739.115            2755.772            2753.575            2745.731            2739.341           -89.52393 
 390.52             2699.74             2776.767            2739.223            2755.683            2753.529            2745.777            2739.447           -77.0271 
 390.47             2620.73             2776.442            2739.305            2755.572            2753.46             2745.798            2739.528           -155.7122 
 390.42             2682.17             2776.289            2739.553            2755.629            2753.559            2745.986            2739.774           -94.1189 
 390.37             2828.57             2776.014            2739.673            2755.562            2753.532            2746.046            2739.892            52.55566 
 390.32             2612.87             2775.441            2739.487            2755.193            2753.202            2745.802            2739.705           -162.5708 
 390.27             2622.75             2775.323            2739.751            2755.277            2753.324            2746.009            2739.968           -152.5732 
 390.22             2679.65             2775.192            2739.996            2755.344            2753.429            2746.196            2740.211           -95.54199 
 390.17             2660.48             2774.948            2740.122            2755.296            2753.417            2746.266            2740.335           -114.4683 
 390.12             2597.8              2774.751            2740.288            2755.291            2753.448            2746.377            2740.5             -176.9507 
 390.07             2851.65             2774.69             2740.586            2755.42             2753.612            2746.62             2740.796            76.95947 
 390.02             2749.98             2774.106            2740.354            2755.022            2753.249            2746.334            2740.563           -24.12573 
 389.97             2632.37             2773.739            2740.334            2754.839            2753.099            2746.26             2740.542           -141.3684 
 389.92             2881.74             2773.622            2740.559            2754.904            2753.197            2746.433            2740.766            108.1179 
 389.87             2896.63             2772.99             2740.264            2754.452            2752.776            2746.086            2740.469            123.6394 
 389.82             2936.15             2772.333            2739.938            2753.97             2752.326            2745.709            2740.141            163.8171 
 389.77             2735.71             2771.596            2739.528            2753.408            2751.794            2745.249            2739.73            -35.88647 
 389.72             2697.1              2771.283            2739.536            2753.266            2751.682            2745.207            2739.737           -74.18286 
 389.67             2634.62             2771.055            2739.625            2753.207            2751.652            2745.246            2739.824           -136.4348 
 389.62             2926.91             2770.962            2739.844            2753.281            2751.754            2745.417            2740.042            155.9475 
 389.57             2891.92             2770.264            2739.453            2752.747            2751.249            2744.978            2739.65             121.6558 
 389.52             2805.58             2769.643            2739.135            2752.288            2750.817            2744.612            2739.33             35.93701 
 389.47             2783.54             2769.206            2738.996            2752.011            2750.566            2744.427            2739.19             14.33374 
 389.42             2853.1              2768.819            2738.903            2751.781            2750.363            2744.288            2739.096            84.28076 
 389.37             2637.58             2768.291            2738.664            2751.409            2750.016            2744.003            2738.856           -130.7109 
 389.32             2561.62             2768.217            2738.875            2751.488            2750.12             2744.17             2739.066           -206.5969 
 389.27             2797.57             2768.306            2739.246            2751.728            2750.385            2744.496            2739.435            29.26416 
 389.22             2680.55             2767.907            2739.124            2751.478            2750.159            2744.33             2739.312           -87.35718 
 389.17             2797.32             2767.756            2739.246            2751.475            2750.178            2744.409            2739.433            29.56372 
 389.12             2774.32             2767.365            2739.125            2751.229            2749.956            2744.245            2739.311            6.95459 
 389.07             2821.2              2767.026            2739.052            2751.033            2749.782            2744.129            2739.236            54.17358 
 389.02             2738.88             2766.593            2738.88             2750.741            2749.512            2743.916            2739.063           -27.71289 
