B.E.(eV)           Raw Intensity       Peak Sum            Background          Peak 1              Peak 2              Peak 3              Peak 4              difference
 413.02             7258.27             7286.565            7258.27             7277.755            7264.183            7260.974            7258.464           -28.29541 
 412.97             6927.73             7286.773            7258.27             7277.892            7264.229            7260.996            7258.466           -359.043 
 412.92             7078.64             7287.701            7258.987            7278.748            7264.992            7261.737            7259.186           -209.0605 
 412.87             6943.2              7288.304            7259.378            7279.279            7265.429            7262.151            7259.58            -345.1035 
 412.82             7197.9              7289.205            7260.064            7280.107            7266.162            7262.861            7260.268           -91.30469 
 412.77             6867.53             7289.556            7260.199            7280.385            7266.344            7263.02             7260.405           -422.0264 
 412.72             6807.35             7290.627            7261.051            7281.381            7267.244            7263.896            7261.259           -483.2769 
 412.67             7323.55             7291.833            7262.035            7282.511            7268.276            7264.904            7262.246            31.71729 
 412.62             7417.4              7291.924            7261.902            7282.526            7268.192            7264.796            7262.115            125.4761 
 412.57             7331.22             7291.814            7261.564            7282.338            7267.905            7264.484            7261.781            39.40625 
 412.52             7085                7291.892            7261.413            7282.337            7267.804            7264.358            7261.632           -206.8916 
 412.47             7157.19             7292.506            7261.796            7282.873            7268.237            7264.767            7262.018           -135.3164 
 412.42             6950.96             7292.968            7262.023            7283.254            7268.516            7265.02             7262.248           -342.0083 
 412.37             7210.56             7293.881            7262.697            7284.084            7269.242            7265.721            7262.925           -83.3208 
 412.32             7101.65             7294.234            7262.811            7284.355            7269.408            7265.861            7263.041           -192.5845 
 412.27             7080.25             7294.827            7263.16             7284.864            7269.811            7266.238            7263.394           -214.5767 
 412.22             7187.25             7295.47             7263.557            7285.423            7270.262            7266.663            7263.793           -108.2202 
 412.17             7270.83             7295.883            7263.722            7285.75             7270.482            7266.856            7263.961           -25.05322 
 412.12             7153.38             7296.12             7263.707            7285.9              7270.522            7266.869            7263.95            -142.7402 
 412.07             7147.37             7296.614            7263.946            7286.307            7270.817            7267.137            7264.192           -149.2441 
 412.02             6969.11             7297.125            7264.199            7286.728            7271.127            7267.419            7264.448           -328.0151 
 411.97             6977.93             7298.026            7264.839            7287.539            7271.825            7268.089            7265.092           -320.0962 
 411.92             7080.88             7298.913            7265.462            7288.333            7272.505            7268.742            7265.718           -218.0332 
 411.87             7216.86             7299.581            7265.862            7288.909            7272.964            7269.173            7266.122           -82.7207 
 411.82             7155.74             7299.957            7265.969            7289.191            7273.13             7269.31             7266.231           -144.2168 
 411.77             7110.45             7300.471            7266.208            7289.609            7273.43             7269.581            7266.474           -190.0205 
 411.72             7136.43             7301.085            7266.546            7290.127            7273.829            7269.951            7266.816           -164.6553 
 411.67             7002.34             7301.649            7266.829            7290.593            7274.174            7270.266            7267.103           -299.3091 
 411.62             7000.17             7302.507            7267.402            7291.352            7274.811            7270.872            7267.68            -302.3374 
 411.57             6744.17             7303.374            7267.982            7292.118            7275.454            7271.484            7268.264           -559.2041 
 411.52             6921.9              7304.801            7269.118            7293.443            7276.654            7272.654            7269.404           -382.9009 
 411.47             7009.66             7305.849            7269.872            7294.388            7277.473            7273.442            7270.161           -296.189 
 411.42             7021.29             7306.712            7270.437            7295.146            7278.104            7274.042            7270.73            -285.4224 
 411.37             7004.4              7307.555            7270.977            7295.883            7278.71             7274.617            7271.275           -303.1553 
 411.32             6798.13             7308.44             7271.555            7296.66             7279.357            7275.231            7271.858           -510.3101 
 411.27             6614.12             7309.776            7272.582            7297.887            7280.452            7276.294            7272.889           -695.6563 
 411.22             6951.57             7311.519            7274.011            7299.519            7281.951            7277.759            7274.322           -359.9492 
 411.17             6845.45             7312.536            7274.71             7300.423            7282.72             7278.496            7275.026           -467.0854 
 411.12             6608.88             7313.79             7275.642            7301.563            7283.723            7279.465            7275.963           -704.9097 
 411.07             6666.62             7315.562            7277.088            7303.22             7285.242            7280.95             7277.414           -648.9419 
 411.02             6715.11             7317.217            7278.412            7304.757            7286.64             7282.313            7278.743           -602.1069 
 410.97             6947.97             7318.773            7279.634            7306.195            7287.936            7283.575            7279.97            -370.8032 
 410.92             6768.36             7319.832            7280.354            7307.133            7288.73             7284.334            7280.695           -551.4717 
 410.87             6970.43             7321.287            7281.464            7308.465            7289.918            7285.486            7281.811           -350.8564 
 410.82             6637.56             7322.309            7282.139            7309.363            7290.67             7286.202            7282.491           -684.749 
 410.77             6566.08             7324.06             7283.537            7310.988            7292.146            7287.642            7283.895           -757.98 
 410.72             6515.49             7325.974            7285.094            7312.774            7293.783            7289.241            7285.458           -810.4839 
 410.67             6572.74             7328.006            7286.763            7314.676            7295.533            7290.954            7287.133           -755.2656 
 410.62             6457.42             7329.922            7288.313            7316.46             7297.164            7292.547            7288.688           -872.5024 
 410.57             6532.56             7332.097            7290.115            7318.501            7299.049            7294.395            7290.497           -799.5371 
 410.52             6670.95             7334.118            7291.758            7320.386            7300.777            7296.083            7292.146           -663.1675 
 410.47             6328.72             7335.846            7293.105            7321.977            7302.209            7297.476            7293.5             -1007.126 
 410.42             6214.42             7338.327            7295.197            7324.316            7304.388            7299.616            7295.599           -1123.907 
 410.37             6451.19             7341.064            7297.542            7326.912            7306.82             7302.008            7297.95            -889.8745 
 410.32             6471.27             7343.299            7299.378            7329.002            7308.746            7303.892            7299.793           -872.0288 
 410.27             6550.31             7345.5              7301.174            7331.056            7310.632            7305.738            7301.597           -795.1895 
 410.22             6647.12             7347.538            7302.803            7332.945            7312.353            7307.417            7303.233           -700.418 
 410.17             6309.45             7349.376            7304.226            7334.631            7313.868            7308.89             7304.663           -1039.926 
 410.12             6673.12             7351.955            7306.383            7337.057            7316.12             7311.1              7306.829           -678.835 
 410.07             6659.11             7353.756            7307.757            7338.702            7317.59             7312.526            7308.21            -694.6465 
 410.02             6491.66             7355.597            7309.165            7340.384            7319.094            7313.987            7309.626           -863.937 
 409.97             6325.56             7357.81             7310.938            7342.436            7320.966            7315.814            7311.408           -1032.25 
 409.92             6409.55             7360.395            7313.076            7344.855            7323.204            7318.008            7313.554           -950.8447 
 409.87             6380.79             7362.807            7315.036            7347.101            7325.266            7320.024            7315.523           -982.0166 
 409.82             6354.7              7365.293            7317.063            7349.418            7327.396            7322.108            7317.559           -1010.593 
 409.77             6602.03             7367.847            7319.15             7351.799            7329.588            7324.254            7319.656           -765.8169 
 409.72             6446.92             7369.875            7320.706            7353.653            7331.25             7325.869            7321.222           -922.9556 
 409.67             6253.13             7372.251            7322.602            7355.85             7333.253            7327.825            7323.127           -1119.121 
 409.62             6510.3              7375.059            7324.922            7358.477            7335.684            7330.206            7325.458           -864.7588 
 409.57             6597.09             7377.32             7326.689            7360.554            7337.562            7332.036            7327.235           -780.23 
 409.52             6488.52             7379.404            7328.271            7362.451            7339.257            7333.682            7328.829           -890.8843 
 409.47             6458.77             7381.736            7330.093            7364.591            7341.194            7335.568            7330.662           -922.9658 
 409.42             6308.28             7384.143            7331.983            7366.805            7343.201            7337.524            7332.563           -1075.863 
 409.37             6322.26             7386.89             7334.204            7369.354            7345.54             7339.812            7334.796           -1064.63 
 409.32             6396.21             7389.618            7336.399            7371.881            7347.855            7342.075            7337.004           -993.4077 
 409.27             6458.14             7392.2              7338.439            7374.259            7350.018            7344.185            7339.057           -934.0601 
 409.22             6304.98             7394.66             7340.349            7376.511            7352.052            7346.165            7340.979           -1089.68 
 409.17             6277.07             7397.465            7342.596            7379.104            7354.424            7348.484            7343.239           -1120.395 
 409.12             6293.66             7400.344            7344.907            7381.768            7356.864            7350.869            7345.565           -1106.684 
 409.07             6397.16             7403.201            7347.188            7384.406            7359.275            7353.224            7347.859           -1006.041 
 409.02             6206.71             7405.849            7349.249            7386.829            7361.468            7355.361            7349.936           -1199.139 
 408.97             6211.5              7408.922            7351.727            7389.675            7364.082            7357.917            7352.429           -1197.422 
 408.92             6303.9              7412.001            7354.201            7392.522            7366.692            7360.47             7354.919           -1108.101 
 408.87             6247.38             7414.895            7356.479            7395.18             7369.11             7362.83             7357.214           -1167.515 
 408.82             6158.13             7417.926            7358.886            7397.97             7371.658            7365.318            7359.637           -1259.796 
 408.77             6110.27             7421.167            7361.49             7400.965            7374.406            7368.006            7362.259           -1310.896 
 408.72             6375.9              7424.527            7364.205            7404.076            7377.268            7370.807            7364.993           -1048.627 
 408.67             6437.36             7427.327            7366.349            7406.622            7379.56             7373.038            7367.155           -989.9673 
 408.62             6459.31             7430.011            7368.364            7409.045            7381.727            7375.142            7369.19            -970.7012 
 408.57             6368.19             7432.662            7370.336            7411.431            7383.853            7377.205            7371.183           -1064.472 
 408.52             6252.22             7435.528            7372.511            7414.026            7386.184            7379.472            7373.378           -1183.308 
 408.47             6111.64             7438.661            7374.941            7416.884            7388.773            7381.996            7375.83            -1327.021 
 408.42             6311.46             7442.116            7377.682            7420.058            7391.676            7384.833            7378.593           -1130.656 
 408.37             6525.07             7445.157            7379.995            7422.812            7394.155            7387.245            7380.93            -920.0869 
 408.32             6194.93             7447.751            7381.849            7425.113            7396.177            7389.199            7382.809           -1252.821 
 408.27             6064.9              7451.08             7384.424            7428.143            7398.923            7391.876            7385.409           -1386.18 
 408.22             6468.32             7454.709            7387.287            7431.467            7401.96             7394.844            7388.298           -986.3892 
 408.17             6522.62             7457.483            7389.28             7433.929            7404.131            7396.944            7390.319           -934.8628 
 408.12             6524                7460.157            7391.16             7436.286            7406.191            7398.933            7392.228           -936.1572 
 408.07             6543.25             7462.847            7393.041            7438.65             7408.256            7400.925            7394.139           -919.5972 
 408.02             6867.4              7465.516            7394.885            7440.986            7410.287            7402.883            7396.014           -598.1157 
 407.97             6764.53             7467.499            7396.029            7442.63             7411.621            7404.144            7397.19            -702.9688 
 407.92             6778.03             7469.724            7397.399            7444.508            7413.186            7405.632            7398.594           -691.6938 
 407.87             6925.79             7471.938            7398.743            7446.369            7414.727            7407.098            7399.973           -546.1484 
 407.82             6919.17             7473.852            7399.769            7447.919            7415.955            7408.248            7401.036           -554.6821 
 407.77             6551.45             7475.799            7400.811            7449.496            7417.203            7409.417            7402.117           -924.3491 
 407.72             6846.64             7478.564            7402.654            7451.881            7419.254            7411.39             7404               -631.9238 
 407.67             6792.96             7480.711            7403.86             7453.639            7420.674            7412.729            7405.25            -687.751 
 407.62             6678.52             7482.995            7405.186            7455.525            7422.217            7414.19             7406.619           -804.4751 
 407.57             6551.11             7485.549            7406.762            7457.672            7424.016            7415.906            7408.242           -934.4395 
 407.52             6692.47             7488.403            7408.619            7460.109            7426.098            7417.904            7410.147           -795.9331 
 407.47             6623.51             7490.974            7410.172            7462.252            7427.882            7419.603            7411.752           -867.4639 
 407.42             6758.01             7493.718            7411.878            7464.559            7429.823            7421.458            7413.513           -735.7085 
 407.37             6886.4              7496.198            7413.297            7466.589            7431.482            7423.03             7414.988           -609.7979 
 407.32             6777.47             7498.422            7414.44             7468.353            7432.87             7424.329            7416.19            -720.9517 
 407.27             6895.63             7500.91             7415.822            7470.368            7434.501            7425.871            7417.636           -605.2798 
 407.22             6977.51             7503.166            7416.95             7472.139            7435.884            7427.163            7418.83            -525.6558 
 407.17             6912.46             7505.272            7417.904            7473.748            7437.098            7428.285            7419.854           -592.8125 
 407.12             7011.79             7507.547            7419                7475.511            7438.459            7429.553            7421.024           -495.7568 
 407.07             7010.21             7509.634            7419.884            7477.073            7439.614            7430.613            7421.986           -499.4243 
 407.02             7038.92             7511.755            7420.772            7478.653            7440.779            7431.683            7422.958           -472.835 
 406.97             6963.39             7513.841            7421.601            7480.185            7441.889            7432.696            7423.874           -550.4512 
 406.92             6844.17             7516.124            7422.595            7481.895            7443.172            7433.88             7424.961           -671.9541 
 406.87             6840.02             7518.697            7423.85             7483.88             7444.721            7435.33             7426.314           -678.6768 
 406.82             6912.83             7521.313            7425.116            7485.89             7446.289            7436.797            7427.687           -608.4829 
 406.77             6940.3              7523.808            7426.228            7487.759            7447.708            7438.114            7428.911           -583.5078 
 406.72             6965.1              7526.277            7427.282            7489.583            7449.076            7439.379            7430.084           -561.1768 
 406.67             7161.57             7528.73             7428.285            7491.372            7450.399            7440.599            7431.214           -367.1606 
 406.62             7002.83             7530.797            7428.863            7492.751            7451.307            7441.399            7431.93            -527.9673 
 406.57             6957.6              7533.247            7429.788            7494.492            7452.566            7442.552            7433               -575.647 
 406.52             6990.02             7535.839            7430.812            7496.348            7453.934            7443.812            7434.182           -545.8188 
 406.47             7135.86             7538.403            7431.768            7498.152            7455.241            7445.009            7435.306           -402.5435 
 406.42             7151.31             7540.697            7432.41             7499.658            7456.241            7445.898            7436.129           -389.3867 
 406.37             7087.09             7543.007            7433.02             7501.149            7457.218            7446.763            7436.935           -455.917 
 406.32             6939.63             7545.505            7433.77             7502.798            7458.344            7447.776            7437.896           -605.875 
 406.27             7241.8              7548.377            7434.842            7504.788            7459.801            7449.118            7439.197           -306.5771 
 406.22             7300.61             7550.649            7435.261            7506.141            7460.613            7449.814            7439.863           -250.0391 
 406.17             7422                7552.853            7435.553            7507.387            7461.308            7450.393            7440.425           -130.853 
 406.12             7053.41             7554.857            7435.583            7508.39             7461.75             7450.717            7440.748           -501.4468 
 406.07             6858.16             7557.724            7436.412            7510.211            7463.001            7451.849            7441.897           -699.5635 
 406.02             7148.31             7561.088            7437.666            7512.479            7464.689            7453.416            7443.502           -412.7783 
 405.97             6989.22             7563.899            7438.293            7514.141            7465.759            7454.365            7444.515           -574.6792 
 405.92             7093.81             7567.14             7439.268            7516.171            7467.188            7455.671            7445.913           -473.3296 
 405.87             6979.76             7570.245            7440.017            7517.999            7468.403            7456.763            7447.131           -590.4854 
 405.82             7364.47             7573.696            7441.016            7520.098            7469.879            7458.114            7448.652           -209.2256 
 405.77             7489.63             7576.426            7441.182            7521.389            7470.535            7458.645            7449.403           -86.79639 
 405.72             7380.18             7579.01             7441.077            7522.432            7470.931            7458.915            7449.962           -198.8296 
 405.67             7118.31             7581.984            7441.209            7523.737            7471.579            7459.436            7450.86            -463.6738 
 405.62             7477.51             7585.716            7441.909            7525.636            7472.807            7460.537            7452.464           -108.2065 
 405.57             7582.75             7588.918            7441.832            7526.784            7473.272            7460.874            7453.485           -6.168457 
 405.52             7552.3              7592.237            7441.526            7527.73             7473.523            7460.996            7454.566           -39.93701 
 405.47             7448.15             7596.106            7441.286            7528.769            7473.854            7461.198            7456.143           -147.9565 
 405.42             7521.81             7600.913            7441.271            7530.063            7474.425            7461.641            7458.597           -79.10254 
 405.37             7329.07             7606.599            7441.096            7531.226            7474.853            7461.94             7461.868           -277.5288 
 405.32             7685.98             7614.202            7441.339            7532.837            7475.715            7462.673            7466.995            71.77783 
 405.27             7530.62             7623.169            7440.809            7533.707            7475.821            7462.65             7473.417           -92.54932 
 405.22             7870.13             7635.412            7440.614            7534.943            7476.28             7462.981            7483.049            234.7183 
 405.17             8042.53             7650.85             7439.682            7535.476            7476.021            7462.595            7495.805            391.6797 
 405.12             7960.17             7670.977            7438.375            7535.668            7475.404            7461.853            7513.175            289.1929 
 405.07             8008.07             7697.475            7437.242            7536.07             7474.983            7461.307            7536.841            310.5952 
 405.02             7885.07             7731.142            7436.004            7536.404            7474.477            7460.677            7567.596            153.9277 
 404.97             7739.44             7773.052            7435.03             7537.038            7474.256            7460.334            7606.514           -33.6123 
 404.92             8172.57             7823.494            7434.37             7538.025            7474.371            7460.33             7653.876            349.0762 
 404.87             8215.65             7880.725            7432.768            7538.112            7473.568            7459.41             7707.938            334.9258 
 404.82             8082.71             7944.078            7431.07             7538.143            7472.692            7458.42             7768.031            138.6323 
 404.77             8067.98             8011.547            7429.656            7538.502            7472.127            7457.745            7832.143            56.43262 
 404.72             8102.68             8079.299            7428.271            7538.933            7471.615            7457.126            7896.438            23.38135 
 404.67             8037.63             8142.847            7426.809            7539.332            7471.053            7456.462            7956.425           -105.2168 
 404.62             7833.47             8197.346            7425.483            7539.917            7470.657            7455.97             8007.253           -363.8755 
 404.57             8228.59             8237.807            7424.599            7540.989            7470.73             7455.952            8043.931           -9.216797 
 404.52             8179.62             8258.556            7422.854            7541.255            7469.975            7455.113            8060.776           -78.93555 
 404.47             8124.97             8258.1              7421.213            7541.673            7469.354            7454.416            8056.295           -133.1294 
 404.42             8302.8              8236.859            7419.686            7542.261            7468.881            7453.875            8030.901            65.94043 
 404.37             8236.68             8197.369            7417.77             7542.517            7468.054            7452.989            7987.12             39.31055 
 404.32             8487.04             8144.956            7415.994            7542.969            7467.403            7452.29             7930.276            342.084 
 404.27             8316.98             8084.149            7413.67             7542.935            7466.243            7451.093            7864.889            232.8315 
 404.22             8082.76             8020.899            7411.71             7543.326            7465.485            7450.313            7796.907            61.86035 
 404.17             8499.09             7959.521            7410.254            7544.285            7465.273            7450.092            7730.634            539.5693 
 404.12             8284.27             7901.809            7407.892            7544.406            7464.199            7449.025            7667.855            382.4604 
 404.07             7686.67             7851.407            7405.991            7545.056            7463.631            7448.483            7612.21            -164.7368 
 404.02             7730.95             7810.285            7405.382            7547.072            7464.403            7449.302            7565.655           -79.33447 
 403.97             7773.2              7777.428            7404.676            7549.063            7465.126            7450.094            7527.172           -4.227539 
 403.92             7539.26             7752.446            7403.876            7551.039            7465.809            7450.87             7496.358           -213.186 
 403.87             7623.05             7735.103            7403.583            7553.603            7467.053            7452.236            7472.96            -112.0532 
 403.82             7697.85             7723.652            7403.107            7556.066            7468.171            7453.507            7455.229           -25.80176 
 403.77             7764.61             7716.954            7402.467            7558.454            7469.187            7454.709            7442.005            47.65625 
 403.72             7343.4              7713.959            7401.682            7560.785            7470.12             7455.867            7432.233           -370.5591 
 403.67             7473.33             7714.792            7401.809            7564.122            7472.031            7458.045            7426.02            -241.4619 
 403.62             7384.26             7717.516            7401.653            7567.276            7473.73             7460.06             7421.408           -333.2559 
 403.57             7139.41             7722.035            7401.691            7570.724            7475.697            7462.393            7418.294           -582.625 
 403.52             7293.94             7728.289            7402.26             7574.81             7478.273            7465.395            7416.59            -434.3486 
 403.47             6920.62             7735.128            7402.495            7578.67             7480.596            7468.208            7415.138           -814.5083 
 403.42             6880.7              7743.527            7403.54             7583.457            7483.815            7471.992            7414.884           -862.8267 
 403.37             6788.73             7752.661            7404.674            7588.453            7487.215            7476.038            7414.976           -963.9307 
 403.32             6710.29             7762.581            7406.01             7593.774            7490.913            7480.474            7415.45            -1052.291 
 403.27             6635.76             7773.244            7407.52             7599.402            7494.887            7485.291            7416.223           -1137.484 
 403.22             6344.09             7784.631            7409.194            7605.328            7499.131            7490.498            7417.256           -1440.541 
 403.17             6444.91             7797.236            7411.504            7612.032            7504.126            7496.592            7418.999           -1352.326 
 403.12             6256.51             7810.245            7413.602            7618.674            7509.029            7502.758            7420.588           -1553.735 
 403.07             6234.83             7824.313            7416.112            7625.881            7514.472            7509.653            7422.642           -1589.483 
 403.02             6357.14             7839.149            7418.674            7633.307            7520.104            7516.97             7424.792           -1482.009 
 402.97             6356.16             7854.499            7420.978            7640.639            7525.619            7524.455            7426.719           -1498.339 
 402.92             6242.02             7870.73             7423.287            7648.155            7531.292            7532.457            7428.687           -1628.71 
 402.87             6114.65             7888.225            7425.85             7656.114            7537.384            7541.339            7430.936           -1773.575 
 402.82             6021.49             7907.16             7428.694            7664.547            7543.93             7551.272            7433.494           -1885.669 
 402.77             6121.86             7927.704            7431.747            7673.396            7550.871            7562.396            7436.283           -1805.844 
 402.72             6011.61             7949.712            7434.589            7682.245            7557.795            7574.557            7438.882           -1938.103 
 402.67             6157.39             7974.045            7437.676            7691.564            7565.178            7588.585            7441.745           -1816.655 
 402.62             6093.04             8000.681            7440.453            7700.814            7572.48             7604.431            7444.315           -1907.641 
 402.57             6315.42             8030.727            7443.376            7710.454            7580.171            7623.184            7447.047           -1715.307 
 402.52             6432.23             8064.472            7445.823            7719.883            7587.652            7645.09             7449.316           -1632.242 
 402.47             6488.75             8103.229            7448.022            7729.335            7595.17             7671.44             7451.35            -1614.479 
 402.42             6439.11             8148.55             7450.103            7738.959            7602.885            7703.739            7453.276           -1709.44 
 402.37             6816.2              8202.434            7452.296            7749.004            7611.061            7743.932            7455.326           -1386.233 
 402.32             6936.83             8265.987            7453.676            7758.553            7618.802            7793.09             7456.572           -1329.157 
 402.27             7178.67             8342.332            7454.798            7768.187            7626.72             7854.251            7457.568           -1163.662 
 402.22             7266.54             8433.986            7455.396            7777.65             7634.598            7929.879            7458.049           -1167.446 
 402.17             7628.5              8544.569            7455.806            7787.303            7642.846            8023.491            7458.348           -916.0693 
 402.12             8065.57             8677.13             7455.432            7796.576            7650.967            8138.012            7457.87            -611.5601 
 402.07             8521.62             8835.111            7454.108            7805.317            7658.902            8276.767            7456.449           -313.4912 
 402.02             8993.92             9022.51             7451.792            7813.52             7666.769            8443.556            7454.042           -28.58984 
 401.97             9507.53             9242.783            7448.447            7821.16             7674.711            8641.643            7450.61             264.7471 
 401.92             9571.41             9499.325            7443.979            7828.18             7682.889            8874.134            7446.061            72.08496 
 401.87             10166.5             9796.082            7439.365            7835.594            7692.601            9144.613            7441.369            370.418 
 401.82             11158.7             10133.42            7433.448            7842.265            7703.076            9453.042            7435.379            1025.282 
 401.77             11141.5             10511.6             7425.367            7847.381            7713.976            9799.111            7427.229            629.9043 
 401.72             11591.7             10931.6             7417.305            7853.148            7728.096            10183.17            7419.102            660.0967 
 401.67             12289.2             11390.27            7408.25             7858.604            7745.218            10601.21            7409.984            898.9326 
 401.62             12451.6             11883.16            7397.661            7863.263            7765.79             11047.76            7399.336            568.4375 
 401.57             13024               12404.72            7386.697            7868.314            7792.104            11516.08            7388.317            619.2764 
 401.52             14021.5             12946.69            7374.467            7872.939            7824.726            11996.39            7376.034            1074.814 
 401.47             13819               13497.61            7360.047            7876.251            7864.346            12475.59            7361.563            321.3906 
 401.42             14587.2             14048.94            7346.035            7880.925            7915.542            12943.08            7347.503            538.2559 
 401.37             14781.2             14586.09            7330.326            7884.936            7978.511            13381.87            7331.748            195.1123 
 401.32             15112.4             15095.89            7314.162            7889.582            8056.955            13776.3             7315.54             16.5127 
 401.27             15282               15564.82            7297.245            7894.68             8153.544            14109.75            7298.581           -282.8203 
 401.22             15699.2             15979.73            7279.923            7900.653            8271.608            14366.02            7281.219           -280.5322 
 401.17             16021.9             16329.9             7261.658            7907.092            8414.017            14530.85            7262.916           -308.002 
 401.12             15954.6             16609.23            7242.653            7914.355            8584.598            14594.36            7243.875           -654.6289 
 401.07             16330.1             16817.16            7223.754            7923.42             8787.536            14552.53            7224.94            -487.0605 
 401.02             16277.3             16958.07            7203.999            7933.561            9025.663            14405.7             7205.152           -680.7744 
 400.97             16277.5             17043.51            7184.315            7945.916            9302.914            14162.19            7185.436           -766.0059 
 400.92             16792.2             17088.71            7164.588            7960.702            9622.289            13833.81            7165.678           -296.5137 
 400.87             17130.8             17110.53            7143.702            7977.227            9985.347            13434.3             7144.762            20.27148 
 400.82             17231.2             17128.07            7122.036            7996.34             10393.69            12981.08            7123.068            103.1289 
 400.77             17278               17160.06            7100.105            8019.277            10849.13            12490.87            7101.11             117.9375 
 400.72             17685.6             17222.98            7078.025            8046.97             11350.82            11980.26            7079.004            462.6211 
 400.67             18126.1             17330               7055.013            8079.797            11896.6             11462.67            7055.966            796.0996 
 400.62             18607               17492.23            7030.995            8119.204            12483.65            10950.43            7031.924            1114.773 
 400.57             18740.2             17717.22            7005.883            8166.933            13106.43            10454.71            7006.789            1022.982 
 400.52             18687.8             18010.66            6980.427            8226.278            13760.1             9984.255            6981.31             677.1406 
 400.47             18878.7             18374.03            6955.028            8300.663            14436.16            9546.402            6955.89             504.6719 
 400.42             19209.2             18805.46            6929.161            8393.547            15124.72            9144.676            6930.002            403.7422 
 400.37             19790.8             19300.88            6902.521            8509.635            15814.49            8780.978            6903.341            489.918 
 400.32             20182.9             19852.91            6874.562            8654.263            16491.11            8455.857            6875.363            329.9902 
 400.27             20758.7             20454.92            6845.689            8835.416            17141.51            8168.596            6846.472            303.7773 
 400.22             21219               21097.24            6815.507            9061.268            17749.02            7917.198            6816.271            121.7617 
 400.17             21617.8             21771.98            6784.26             9342.589            18298.19            7698.983            6785.007           -154.1836 
 400.12             21917.9             22472.23            6752.08             9691.854            18773.13            7510.685            6752.811           -554.334 
 400.07             22499.5             23191.8             6719.18             10122.6             19157.74            7349.101            6719.894           -692.2969 
 400.02             23637               23928.63            6684.945            10650.19            19437.85            7209.785            6685.644           -291.6328 
 399.97             24342               24682.52            6648.17             11289.61            19600.47            7088.092            6648.853           -340.5176 
 399.92             24861.1             25461.91            6609.785            12060.09            19639.17            6981.557            6610.454           -600.8125 
 399.87             25466.7             26280.41            6570.191            12981.34            19551.26            6887.545            6570.845           -813.7129 
 399.82             26601.3             27154.8             6529.197            14070.76            19338.5             6803.296            6529.837           -553.5039 
 399.77             28217.3             28107.47            6485.652            15346.66            19006.15            6725.345            6486.279            109.8262 
 399.72             29398.4             29161.31            6438.508            16822.81            18564.1             6650.799            6439.122            237.0938 
 399.67             30404.4             30343.58            6388.699            18514.64            18026.7             6579.028            6389.3              60.82227 
 399.62             31660               31679.68            6336.6              20433.77            17409.37            6509.156            6337.188           -19.67969 
 399.57             34144.3             33187.59            6281.662            22582.18            16728.47            6439.681            6282.239            956.7109 
 399.52             36049.7             34880.86            6221.219            24958.74            15996.84            6367.158            6221.784            1168.836 
 399.47             37633.7             36765.26            6156.508            27553.3             15232.15            6292.261            6157.063            868.4414 
 399.42             39388.3             38840.09            6088.221            30351.44            14449.31            6215.238            6088.765            548.2148 
 399.37             41602.3             41093.99            6015.979            33329.26            13660.78            6135.377            6016.512            508.3086 
 399.32             44281.6             43499.9             5938.779            36447.28            12878.21            6051.446            5939.302            781.6992 
 399.27             47310.9             46025.46            5855.6              39664.02            12109.89            5962.232            5856.113            1285.441 
 399.22             50698.2             48621.25            5765.666            42920.9             11364.35            5866.84             5766.169            2076.945 
 399.17             52609.6             51231.91            5668.189            46156.3             10647.13            5764.377            5668.684            1377.688 
 399.12             54905.7             53796.1             5566.354            49304.21            9966.162            5657.952            5566.838            1109.598 
 399.07             57069               56234.88            5459.318            52281.56            9324.793            5546.676            5459.794            834.125 
 399.02             58302.6             58469.95            5347.357            55008.79            8724.639            5430.772            5347.825           -167.3516 
 398.97             59569.1             60415.1             5232.475            57398.43            8168.945            5312.218            5232.934           -846 
 398.92             61336.6             61986.88            5114.596            59367.91            7656.809            5190.908            5115.047           -650.2813 
 398.87             62769.2             63105.92            4992.631            60839.57            7185.443            5065.727            4993.074           -336.7188 
 398.82             63264.7             63705.16            4867.291            61748.22            6753.709            4937.371            4867.727           -440.457 
 398.77             62428               63740.52            4740.604            62053.05            6360.397            4807.848            4741.031           -1312.516 
 398.72             61545.4             63192.41            4615.455            61737.41            6005.461            4680.032            4615.875           -1647.016 
 398.67             60273.2             62066.16            4491.951            60810.29            5685.346            4554.015            4492.364           -1792.961 
 398.62             59230.9             60392.73            4370.939            59306.33            5397.24             4430.631            4371.346           -1161.828 
 398.57             57837               58226.93            4251.928            57283.68            5137.325            4309.38             4252.327           -389.9297 
 398.52             55638.7             55636.66            4135.682            54813.81            4902.805            4191.015            4136.075            2.035156 
 398.47             53328.2             52705.89            4023.951            51983.73            4692.397            4077.281            4024.338            622.3125 
 398.42             50369.8             49516.43            3916.99             48878.24            4503.362            3968.422            3917.37             853.375 
 398.37             46608.6             46149.88            3816.213            45581.63            4334.454            3865.844            3816.587            458.7266 
 398.32             43373.9             42690.23            3723.381            42180.13            4185.195            3771.305            3723.749            683.6719 
 398.27             39766.4             39204.4             3637.365            38742.73            4052.364            3683.666            3637.727            562 
 398.22             37045.4             35761.78            3558.986            35340.55            3935.105            3603.746            3559.343            1283.617 
 398.17             33501.8             32414.29            3486.34             32026.97            3830.015            3529.632            3486.691            1087.512 
 398.12             30497.4             29208.61            3421.225            28849.94            3737.654            3463.12             3421.57             1288.791 
 398.07             27075.9             26184.89            3362.486            25850.58            3655.89             3403.051            3362.826            891.0117 
 398.02             24661               23368.63            3311.041            23055.26            3584.785            3350.336            3311.376            1292.369 
 397.97             21613.3             20780.3             3264.725            20485.08            3521.533            3302.809            3265.054            833.002 
 397.92             18884.9             18430.45            3224.92             18151.14            3466.972            3261.848            3225.245            454.4512 
 397.87             16618               16320.65            3190.947            16055.46            3419.992            3226.77             3191.267            297.3535 
 397.82             14361.2             14449.39            3161.818            14196.84            3379.287            3196.585            3162.133           -88.18652 
 397.77             12905.4             12805.98            3137.522            12564.87            3344.571            3171.278            3137.833            99.41797 
 397.72             11488.4             11378.06            3116.332            11147.37            3313.925            3149.121            3116.638            110.3447 
 397.67             10120.5             10148.79            3098.17             9927.693            3287.108            3130.032            3098.471           -28.29492 
 397.62             9237.51             9099.854            3082.936            8887.63             3263.889            3113.909            3083.233            137.6563 
 397.57             8308.21             8212.764            3069.584            8008.798            3243.136            3099.706            3069.877            95.44629 
 397.52             7596.23             7467.672            3058.219            7271.43             3224.869            3087.523            3058.508            128.5581 
 397.47             6684.49             6846.61             3048.375            6657.614            3208.567            3076.894            3048.659           -162.1201 
 397.42             6128.53             6332.137            3040.486            6149.961            3194.616            3068.251            3040.767           -203.6069 
 397.37             5514.53             5907.215            3033.787            5731.482            3182.203            3060.827            3034.064           -392.6851 
 397.32             4961.34             5558.019            3028.406            5388.375            3171.433            3054.749            3028.678           -596.6787 
 397.27             4876.76             5271.208            3024.212            5107.337            3162.14             3049.885            3024.481           -394.4478 
 397.22             4712.88             5035.027            3020.193            4876.633            3153.295            3045.221            3020.459           -322.1475 
 397.17             4446.48             4840.014            3016.521            4686.821            3145.046            3040.928            3016.783           -393.5337 
 397.12             4232.83             4678.372            3013.419            4530.13             3137.595            3037.227            3013.677           -445.5415 
 397.07             3906.16             4543.62             3010.774            4400.088            3130.819            3034.005            3011.029           -637.4597 
 397.02             3922.28             4430.483            3008.831            4291.445            3124.944            3031.506            3009.083           -508.2034 
 396.97             3952.58             4334.043            3006.85             4199.286            3119.22             3028.987            3007.098           -381.4629 
 396.92             3780.82             4250.759            3004.798            4120.089            3113.603            3026.418            3005.043           -469.9387 
 396.87             3754.47             4178.32             3003.115            4051.558            3108.516            3024.234            3003.356           -423.8503 
 396.82             3675.84             4114.382            3001.484            3991.351            3103.64             3022.121            3001.723           -438.5417 
 396.77             3640.81             4057.336            3000.021            3937.877            3099.075            3020.191            3000.257           -416.5261 
 396.72             3474.69             4005.89             2998.631            3889.848            3094.722            3018.35             2998.864           -531.2 
 396.67             3387.42             3959.316            2997.599            3846.546            3090.856            3016.881            2997.828           -571.8962 
 396.62             3406.44             3916.671            2996.753            3807.039            3087.298            3015.613            2996.979           -510.231 
 396.57             3306.98             3877.197            2995.864            3770.573            3083.813            3014.316            2996.088           -570.2173 
 396.52             3231.99             3840.657            2995.189            3736.918            3080.65             3013.246            2995.41            -608.6667 
 396.47             3168.86             3806.689            2994.676            3705.72             3077.752            3012.35             2994.894           -637.8289 
 396.42             3195.36             3774.969            2994.298            3676.661            3075.087            3011.601            2994.513           -579.6091 
 396.37             3281.06             3745.063            2993.861            3649.312            3072.455            3010.805            2994.074           -464.0024 
 396.32             3160.73             3716.693            2993.238            3623.401            3069.725            3009.834            2993.448           -555.9634 
 396.27             3088.04             3690.122            2992.875            3599.196            3067.336            3009.133            2993.083           -602.0823 
 396.22             3225.26             3665.149            2992.668            3576.498            3065.183            3008.599            2992.874           -439.8889 
 396.17             3005.64             3641.191            2992.164            3554.731            3062.808            3007.777            2992.367           -635.5508 
 396.12             2924.15             3618.91             2992.135            3534.563            3060.977            3007.439            2992.335           -694.7603 
 396.07             3098.36             3597.949            2992.282            3515.636            3059.392            3007.288            2992.48            -499.5891 
 396.02             3071.63             3577.651            2992.052            3497.301            3057.492            3006.767            2992.248           -506.0208 
 395.97             3131.67             3558.403            2991.879            3479.945            3055.711            3006.312            2992.073           -426.7329 
 395.92             2931.64             3539.943            2991.576            3463.311            3053.858            3005.734            2991.767           -608.3027 
 395.87             2968.52             3522.765            2991.706            3447.897            3052.493            3005.598            2991.895           -554.2446 
 395.82             2974.95             3506.324            2991.757            3433.159            3051.102            3005.389            2991.943           -531.3738 
 395.77             2915.89             3490.616            2991.793            3419.098            3049.746            3005.173            2991.978           -574.7258 
 395.72             2992.26             3475.757            2991.958            3405.83             3048.567            3005.093            2992.14            -483.4968 
 395.67             2891.65             3461.402            2991.957            3393.012            3047.269            3004.854            2992.137           -569.7517 
 395.62             2921.04             3447.886            2992.175            3380.985            3046.232            3004.839            2992.353           -526.8459 
 395.57             2923.25             3434.909            2992.329            3369.448            3045.175            3004.768            2992.505           -511.6594 
 395.52             2962.46             3422.481            2992.479            3358.414            3044.152            3004.698            2992.653           -460.021 
 395.47             2852.51             3410.504            2992.544            3347.786            3043.084            3004.549            2992.717           -557.9939 
 395.42             2864.76             3399.265            2992.848            3337.855            3042.291            3004.644            2993.018           -534.5049 
 395.37             3000.49             3388.466            2993.125            3328.323            3041.506            3004.719            2993.294           -387.9761 
 395.32             3014.84             3377.827            2993.11             3318.912            3040.462            3004.505            2993.277           -362.9868 
 395.27             2893.17             3367.574            2993.063            3309.85             3039.419            3004.265            2993.228           -474.4041 
 395.22             2967.74             3357.992            2993.279            3301.423            3038.671            3004.294            2993.443           -390.252 
 395.17             2776.7              3348.628            2993.334            3293.18             3037.791            3004.166            2993.496           -571.9285 
 395.12             3077.86             3340.035            2993.804            3285.675            3037.353            3004.457            2993.964           -262.1753 
 395.07             3078.35             3331.139            2993.622            3277.834            3036.292            3004.1              2993.781           -252.7888 
 395.02             3071.96             3322.561            2993.438            3270.281            3035.254            3003.746            2993.595           -250.6011 
 394.97             2977.36             3314.312            2993.268            3263.028            3034.255            3003.409            2993.423           -336.9514 
 394.92             2824.51             3306.561            2993.302            3256.245            3033.486            3003.281            2993.456           -482.051 
 394.87             3077.11             3299.419            2993.669            3250.043            3033.071            3003.49             2993.821           -222.3086 
 394.82             2847.12             3292.001            2993.488            3243.54             3032.132            3003.154            2993.638           -444.8809 
 394.77             2955.68             3285.332            2993.805            3237.76             3031.713            3003.32             2993.954           -329.6519 
 394.72             2935.63             3278.675            2993.888            3231.969            3031.08             3003.256            2994.035           -343.0454 
 394.67             2930.58             3272.294            2994.014            3226.428            3030.51             3003.238            2994.16            -341.7139 
 394.62             2782.26             3266.141            2994.152            3221.095            3029.971            3003.235            2994.296           -483.8811 
 394.57             2782.23             3260.526            2994.612            3216.276            3029.773            3003.557            2994.754           -478.2957 
 394.52             2794.71             3255.109            2995.072            3211.636            3029.593            3003.883            2995.214           -460.3994 
 394.47             2826.71             3249.864            2995.507            3207.147            3029.405            3004.186            2995.647           -423.1538 
 394.42             2867.57             3244.735            2995.873            3202.754            3029.165            3004.424            2996.012           -377.1648 
 394.37             2930.01             3239.691            2996.152            3198.427            3028.853            3004.576            2996.289           -309.6807 
 394.32             2982.95             3234.685            2996.295            3194.12             3028.422            3004.597            2996.431           -251.7351 
 394.27             3006.17             3229.723            2996.324            3189.841            3027.891            3004.506            2996.458           -223.5535 
 394.22             2903.74             3224.87             2996.303            3185.652            3027.324            3004.367            2996.436           -321.1304 
 394.17             2928.51             3220.388            2996.503            3181.817            3026.994            3004.452            2996.635           -291.8779 
 394.12             2981.49             3215.992            2996.651            3178.054            3026.623            3004.487            2996.781           -234.5024 
 394.07             2737.32             3211.623            2996.684            3174.3              3026.151            3004.409            2996.813           -474.3025 
 394.02             2872.85             3207.912            2997.247            3171.191            3026.221            3004.864            2997.375           -335.0615 
 393.97             2883.7              3204.036            2997.516            3167.903            3026.011            3005.028            2997.643           -320.3364 
 393.92             2851.21             3200.26             2997.763            3164.7              3025.79             3005.171            2997.889           -349.05 
 393.87             2959.89             3196.669            2998.081            3161.669            3025.651            3005.388            2998.206           -236.7795 
 393.82             2901.34             3192.958            2998.164            3158.504            3025.288            3005.371            2998.288           -291.6184 
 393.77             2893.77             3189.48             2998.374            3155.56             3025.063            3005.483            2998.496           -295.71 
 393.72             3020.39             3186.125            2998.601            3152.726            3024.865            3005.615            2998.722           -165.7354 
 393.67             3033.1              3182.596            2998.554            3149.706            3024.403            3005.474            2998.674           -149.4958 
 393.62             2772.68             3179.134            2998.479            3146.742            3023.923            3005.308            2998.598           -406.4539 
 393.57             2594.96             3176.331            2998.969            3144.426            3024.017            3005.708            2999.087           -581.3708 
 393.52             2823.73             3174.002            2999.845            3142.573            3024.507            3006.496            2999.962           -350.2725 
 393.47             2872.14             3171.268            3000.227            3140.303            3024.511            3006.792            3000.343           -299.1277 
 393.42             2762.92             3168.512            3000.505            3138.002            3024.42             3006.985            3000.62            -405.592 
 393.37             2686.04             3166.073            3001.021            3136.008            3024.575            3007.417            3001.134           -480.0325 
 393.32             2856.84             3163.88             3001.704            3134.25             3024.906            3008.019            3001.817           -307.04 
 393.27             2782.17             3161.391            3002.018            3132.188            3024.875            3008.253            3002.13            -379.2214 
 393.22             2921.7              3159.14             3002.495            3130.353            3025.015            3008.652            3002.606           -237.4397 
 393.17             2767.86             3156.655            3002.67             3128.276            3024.86             3008.75             3002.78            -388.7952 
 393.12             2757.24             3154.572            3003.18             3126.592            3025.047            3009.184            3003.288           -397.3315 
 393.07             2809.01             3152.579            3003.713            3124.99             3025.265            3009.643            3003.821           -343.5686 
 393.02             2928.56             3150.535            3004.135            3123.329            3025.378            3009.992            3004.242           -221.9753 
 392.97             2807.66             3148.297            3004.3              3121.465            3025.24             3010.085            3004.406           -340.637 
 392.92             2774.13             3146.379            3004.726            3119.915            3025.37             3010.441            3004.831           -372.2493 
 392.87             2820.8              3144.591            3005.226            3118.486            3025.581            3010.873            3005.331           -323.7913 
 392.82             2653.81             3142.759            3005.626            3117.007            3025.697            3011.205            3005.73            -488.9492 
 392.77             2550.93             3141.343            3006.39             3115.935            3026.183            3011.902            3006.492           -590.4126 
 392.72             2710.07             3140.204            3007.378            3115.135            3026.898            3012.824            3007.479           -430.1338 
 392.67             2660.05             3138.772            3008.023            3114.034            3027.277            3013.405            3008.123           -478.7219 
 392.62             2898.18             3137.497            3008.778            3113.085            3027.771            3014.097            3008.877           -239.3174 
 392.57             2806.72             3135.756            3009.018            3111.662            3027.755            3014.275            3009.116           -329.0359 
 392.52             2934.02             3134.258            3009.457            3110.477            3027.943            3014.653            3009.555           -200.238 
 392.47             2710.63             3132.53             3009.62             3109.055            3027.861            3014.757            3009.718           -421.8999 
 392.42             2891.12             3131.33             3010.269            3108.155            3028.269            3015.347            3010.365           -240.2097 
 392.37             2720.97             3129.78             3010.527            3106.9              3028.291            3015.548            3010.623           -408.8101 
 392.32             2703.56             3128.641            3011.155            3106.05             3028.688            3016.119            3011.25            -425.0811 
 392.27             2631.05             3127.58             3011.823            3105.272            3029.128            3016.731            3011.917           -496.5295 
 392.22             2735.03             3126.716            3012.649            3104.687            3029.731            3017.502            3012.742           -391.6855 
 392.17             2879.11             3125.665            3013.251            3103.909            3030.115            3018.05             3013.344           -246.5549 
 392.12             2843.61             3124.337            3013.542            3102.85             3030.192            3018.288            3013.634           -280.7273 
 392.07             2779.96             3123.124            3013.911            3101.899            3030.35             3018.604            3014.002           -343.1638 
 392.02             2781.29             3122.081            3014.418            3101.116            3030.651            3019.061            3014.509           -340.7913 
 391.97             2761.46             3121.071            3014.924            3100.359            3030.954            3019.516            3015.013           -359.6111 
 391.92             2902.84             3120.137            3015.474            3099.674            3031.306            3020.016            3015.563           -217.2974 
 391.87             2850.13             3118.927            3015.718            3098.709            3031.355            3020.211            3015.806           -268.7976 
 391.82             2851.15             3117.864            3016.077            3097.886            3031.523            3020.522            3016.165           -266.7141 
 391.77             2933.37             3116.827            3016.435            3097.085            3031.692            3020.833            3016.522           -183.4568 
 391.72             2579.3              3115.642            3016.615            3096.132            3031.688            3020.967            3016.701           -536.3423 
 391.67             2701.11             3115.254            3017.564            3095.971            3032.456            3021.869            3017.65            -414.1438 
 391.62             2801.1              3114.629            3018.25             3095.57             3032.964            3022.511            3018.335           -313.5291 
 391.57             2764.12             3113.816            3018.722            3094.977            3033.26             3022.938            3018.806           -349.696 
 391.52             2729.94             3113.109            3019.274            3094.486            3033.641            3023.446            3019.357           -383.1692 
 391.47             2825.26             3112.503            3019.902            3094.093            3034.1              3024.031            3019.985           -287.2432 
 391.42             3056.27             3111.716            3020.324            3093.515            3034.357            3024.411            3020.406           -55.44629 
 391.37             2937.23             3110.452            3020.246            3092.455            3034.116            3024.291            3020.328           -173.2219 
 391.32             2692.55             3109.469            3020.426            3091.675            3034.136            3024.43             3020.507           -416.9189 
 391.27             2752.53             3109.039            3021.137            3091.443            3034.689            3025.1              3021.218           -356.509 
 391.22             2815.27             3108.503            3021.72             3091.102            3035.118            3025.643            3021.8             -293.2332 
 391.17             2821.15             3107.854            3022.168            3090.645            3035.414            3026.052            3022.247           -286.7043 
 391.12             2741.18             3107.213            3022.604            3090.193            3035.7              3026.449            3022.683           -366.033 
 391.07             2750.56             3106.767            3023.215            3089.933            3036.164            3027.022            3023.293           -356.2073 
 391.02             2922.05             3106.322            3023.806            3089.669            3036.611            3027.576            3023.884           -184.2717 
 390.97             2785.08             3105.525            3024.027            3089.052            3036.69             3027.76             3024.104           -320.4448 
 390.92             2956.75             3105.045            3024.545            3088.749            3037.068            3028.241            3024.622           -148.2947 
 390.87             2958.51             3104.211            3024.692            3088.089            3037.078            3028.352            3024.768           -145.7007 
 390.82             2783.35             3103.392            3024.836            3087.441            3037.086            3028.46             3024.911           -320.0415 
 390.77             2824.69             3102.97             3025.36             3087.188            3037.477            3028.949            3025.434           -278.28 
 390.72             2861.09             3102.478            3025.795            3086.861            3037.782            3029.351            3025.869           -241.3875 
 390.67             2914.1              3101.923            3026.152            3086.47             3038.01             3029.674            3026.226           -187.8232 
 390.62             2837.22             3101.271            3026.396            3085.978            3038.127            3029.884            3026.469           -264.0508 
 390.57             2862.22             3100.802            3026.806            3085.667            3038.413            3030.261            3026.878           -238.5815 
 390.52             2785.95             3100.294            3027.163            3085.315            3038.647            3030.586            3027.235           -314.344 
 390.47             2828.25             3099.969            3027.686            3085.143            3039.049            3031.077            3027.758           -271.7185 
 390.42             2818.57             3099.567            3028.119            3084.892            3039.363            3031.478            3028.19            -280.9968 
 390.37             2599.13             3099.201            3028.573            3084.675            3039.701            3031.902            3028.644           -500.0715 
 390.32             2777.93             3099.327            3029.505            3084.948            3040.517            3032.802            3029.575           -321.3972 
 390.27             2885.95             3099.08             3030.051            3084.845            3040.949            3033.318            3030.12            -213.1304 
 390.22             2835.75             3098.614            3030.363            3084.521            3041.15             3033.6              3030.432           -262.8643 
 390.17             2772.12             3098.271            3030.786            3084.318            3041.463            3033.993            3030.854           -326.1514 
 390.12             2823.26             3098.079            3031.347            3084.264            3041.916            3034.525            3031.415           -274.8193 
 390.07             2742.06             3097.791            3031.798            3084.111            3042.26             3034.948            3031.866           -355.7305 
 390.02             2772.8              3097.691            3032.427            3084.145            3042.784            3035.548            3032.494           -324.8911 
 389.97             2743.79             3097.539            3032.99             3084.125            3043.244            3036.084            3033.057           -353.7485 
 389.92             2716.13             3097.462            3033.617            3084.178            3043.769            3036.684            3033.684           -381.332 
 389.87             2678.34             3097.458            3034.306            3084.302            3044.357            3037.345            3034.372           -419.1179 
 389.82             2766.76             3097.549            3035.078            3084.519            3045.031            3038.091            3035.144           -330.7888 
 389.77             2611.14             3097.46             3035.66             3084.555            3045.515            3038.646            3035.725           -486.3203 
 389.72             2795.44             3097.721            3036.581            3084.938            3046.34             3039.541            3036.646           -302.2815 
 389.67             2870.81             3097.595            3037.104            3084.934            3046.769            3040.038            3037.168           -226.7854 
 389.62             2918.39             3097.317            3037.465            3084.774            3047.036            3040.374            3037.529           -178.9275 
 389.57             2832.92             3096.947            3037.724            3084.522            3047.202            3040.607            3037.787           -264.0271 
 389.52             2721.68             3096.772            3038.168            3084.463            3047.556            3041.027            3038.231           -375.0925 
 389.47             2802.05             3096.85             3038.854            3084.655            3048.153            3041.688            3038.917           -294.7996 
 389.42             2816.44             3096.764            3039.368            3084.681            3048.579            3042.178            3039.43            -280.3237 
 389.37             2804.15             3096.657            3039.852            3084.685            3048.976            3042.638            3039.913           -292.5068 
 389.32             2666.08             3096.586            3040.363            3084.725            3049.401            3043.125            3040.424           -430.5063 
 389.27             2736.54             3096.826            3041.175            3085.072            3050.129            3043.914            3041.236           -360.2859 
 389.22             2841.51             3096.923            3041.836            3085.276            3050.707            3044.552            3041.896           -255.4131 
 389.17             2787.62             3096.803            3042.271            3085.26             3051.059            3044.964            3042.331           -309.1826 
 389.12             2667.06             3096.808            3042.823            3085.37             3051.531            3045.494            3042.883           -429.7478 
 389.07             2881.36             3097.085            3043.638            3085.749            3052.266            3046.287            3043.697           -215.7246 
 389.02             3043.99             3096.906            3043.99             3085.671            3052.539            3046.617            3044.049           -52.91577 
