B.E.(eV)           Raw Intensity       Peak Sum            Background          Peak 1              difference
 546.02             8610.12             8615.083            8610.12             8615.083           -4.962891 
 545.97             8889.07             8615.119            8610.12             8615.119            273.9512 
 545.92             8678.14             8615.111            8610.076            8615.111            63.02832 
 545.87             8666.57             8615.138            8610.065            8615.138            51.43262 
 545.82             8671.74             8615.165            8610.056            8615.165            56.5752 
 545.77             8631.03             8615.192            8610.046            8615.192            15.83789 
 545.72             8524.71             8615.228            8610.043            8615.228           -90.51758 
 545.67             8472.51             8615.28             8610.057            8615.28            -142.7705 
 545.62             8843.84             8615.341            8610.078            8615.341            228.499 
 545.57             8795.54             8615.343            8610.041            8615.343            180.1973 
 545.52             8644.61             8615.354            8610.012            8615.354            29.25684 
 545.47             8497.79             8615.388            8610.006            8615.388           -117.5977 
 545.42             8665.7              8615.447            8610.024            8615.447            50.25293 
 545.37             8981.48             8615.479            8610.016            8615.479            366.001 
 545.32             8826.66             8615.462            8609.956            8615.462            211.1982 
 545.27             8805.56             8615.47             8609.922            8615.47             190.0898 
 545.22             8431.58             8615.481            8609.891            8615.481           -183.9014 
 545.17             8617.06             8615.553            8609.919            8615.553            1.506836 
 545.12             8565.31             8615.595            8609.918            8615.595           -50.28516 
 545.07             8740.74             8615.646            8609.925            8615.646            125.0938 
 545.02             9031.41             8615.67             8609.904            8615.67             415.7402 
 544.97             8586.12             8615.648            8609.837            8615.648           -29.52832 
 544.92             8630.62             8615.697            8609.841            8615.697            14.92285 
 544.87             8553.49             8615.741            8609.838            8615.741           -62.25098 
 544.82             8916.92             8615.797            8609.847            8615.797            301.123 
 544.77             8860.51             8615.795            8609.798            8615.795            244.7148 
 544.72             8476.33             8615.803            8609.758            8615.803           -139.4727 
 544.67             8567.99             8615.873            8609.779            8615.873           -47.88281 
 544.62             8659.83             8615.929            8609.786            8615.929            43.90137 
 544.57             8646.74             8615.971            8609.778            8615.971            30.76953 
 544.52             8772.51             8616.016            8609.772            8616.016            156.4941 
 544.47             8738.72             8616.04             8609.746            8616.04             122.6797 
 544.42             8623.64             8616.07             8609.726            8616.07             7.569336 
 544.37             8899.22             8616.121            8609.724            8616.121            283.0986 
 544.32             8718.63             8616.128            8609.678            8616.128            102.502 
 544.27             8901.86             8616.164            8609.66             8616.164            285.6963 
 544.22             8479.38             8616.171            8609.613            8616.171           -136.791 
 544.17             8450.53             8616.247            8609.635            8616.247           -165.7168 
 544.12             8847.19             8616.328            8609.66             8616.328            230.8623 
 544.07             8846.11             8616.346            8609.622            8616.346            229.7646 
 544.02             8723.27             8616.365            8609.584            8616.365            106.9043 
 543.97             8834.05             8616.405            8609.566            8616.405            217.6445 
 543.92             8700.96             8616.427            8609.53             8616.427            84.5332 
 543.87             8617.83             8616.473            8609.517            8616.473            1.357422 
 543.82             8570.17             8616.53             8609.515            8616.53            -46.36035 
 543.77             8356.49             8616.598            8609.521            8616.598           -260.1074 
 543.72             8324.54             8616.699            8609.562            8616.699           -292.1592 
 543.67             8241.38             8616.807            8609.606            8616.807           -375.4268 
 543.62             8410.26             8616.928            8609.665            8616.928           -206.668 
 543.57             8775.83             8617.023            8609.696            8617.023            158.8066 
 543.52             8520.29             8617.062            8609.67             8617.062           -96.77148 
 543.47             8696.15             8617.142            8609.685            8617.142            79.00879 
 543.42             8560.88             8617.194            8609.671            8617.194           -56.31445 
 543.37             8716.54             8617.27             8609.679            8617.27             99.27051 
 543.32             8414.93             8617.321            8609.662            8617.321           -202.3916 
 543.27             8419.96             8617.421            8609.692            8617.421           -197.4609 
 543.22             8517.58             8617.521            8609.723            8617.521           -99.94043 
 543.17             8772.01             8617.606            8609.737            8617.606            154.4033 
 543.12             8487.09             8617.653            8609.712            8617.653           -130.5635 
 543.07             8398.53             8617.746            8609.731            8617.746           -219.2158 
 543.02             8713.22             8617.853            8609.765            8617.853            95.36719 
 542.97             8317.52             8617.911            8609.748            8617.911           -300.3916 
 542.92             8355.82             8618.034            8609.795            8618.034           -262.2139 
 542.87             8476.93             8618.151            8609.835            8618.151           -141.2217 
 542.82             8735.92             8618.251            8609.856            8618.251            117.6689 
 542.77             8408.15             8618.31             8609.836            8618.31            -210.1592 
 542.72             8476.08             8618.423            8609.868            8618.423           -142.3428 
 542.67             8600.63             8618.525            8609.89             8618.525           -17.89551 
 542.62             8546.85             8618.609            8609.891            8618.609           -71.75977 
 542.57             8632.71             8618.703            8609.9              8618.703            14.00684 
 542.52             8602.47             8618.785            8609.897            8618.785           -16.31543 
 542.47             8443.99             8618.873            8609.898            8618.873           -174.8828 
 542.42             8501.24             8618.986            8609.925            8618.986           -117.7461 
 542.37             8874.66             8619.093            8609.942            8619.093            255.5674 
 542.32             8527.34             8619.141            8609.899            8619.141           -91.80078 
 542.27             8777.17             8619.245            8609.913            8619.245            157.9248 
 542.22             8657.29             8619.313            8609.887            8619.313            37.97754 
 542.17             8656.42             8619.398            8609.879            8619.398            37.02148 
 542.12             8503.72             8619.486            8609.871            8619.486           -115.7666 
 542.07             8226.01             8619.602            8609.889            8619.602           -393.5918 
 542.02             8763.39             8619.761            8609.949            8619.761            143.6289 
 541.97             8667                8619.837            8609.925            8619.837            47.16309 
 541.92             8625.88             8619.93             8609.916            8619.93             5.950195 
 541.87             8634.39             8620.029            8609.913            8620.029            14.36035 
 541.82             8708.67             8620.131            8609.909            8620.131            88.53906 
 541.77             8911.97             8620.222            8609.894            8620.222            291.748 
 541.72             8607.64             8620.282            8609.846            8620.282           -12.64258 
 541.67             8529.45             8620.392            8609.846            8620.392           -90.94141 
 541.62             8655.01             8620.517            8609.859            8620.517            34.49316 
 541.57             8765.16             8620.622            8609.852            8620.622            144.5381 
 541.52             8882.52             8620.713            8609.827            8620.713            261.8066 
 541.47             8591.14             8620.787            8609.784            8620.787           -29.64746 
 541.42             8558.15             8620.909            8609.787            8620.909           -62.75879 
 541.37             8639.34             8621.038            8609.795            8621.038            18.30176 
 541.32             8778.03             8621.155            8609.79             8621.155            156.875 
 541.27             8826.98             8621.254            8609.764            8621.254            205.7266 
 541.22             8788.71             8621.347            8609.729            8621.347            167.3633 
 541.17             8823.03             8621.446            8609.7              8621.446            201.584 
 541.12             8469.19             8621.545            8609.667            8621.545           -152.3545 
 541.07             8203.06             8621.7              8609.689            8621.7             -418.6406 
 541.02             8334.31             8621.9              8609.754            8621.9             -287.5908 
 540.97             8314.68             8622.081            8609.797            8622.081           -307.4014 
 540.92             8789.68             8622.27             8609.845            8622.27             167.4102 
 540.87             8989.06             8622.383            8609.815            8622.383            366.6768 
 540.82             8435.6              8622.468            8609.756            8622.468           -186.8682 
 540.77             8448.49             8622.643            8609.783            8622.643           -174.1523 
 540.72             8445                8622.818            8609.809            8622.818           -177.8184 
 540.67             8347.87             8622.998            8609.835            8622.998           -275.1279 
 540.62             8667.11             8623.195            8609.877            8623.195            43.91504 
 540.57             8626.7              8623.344            8609.867            8623.344            3.356445 
 540.52             8428.42             8623.503            8609.865            8623.503           -195.083 
 540.47             8820.99             8623.695            8609.894            8623.695            197.2949 
 540.42             8809.04             8623.828            8609.86             8623.828            185.2119 
 540.37             8944.39             8623.966            8609.828            8623.966            320.4238 
 540.32             8500.96             8624.086            8609.775            8624.086           -123.126 
 540.27             9010.9              8624.28             8609.793            8624.28             386.6201 
 540.22             8929.86             8624.396            8609.729            8624.396            305.4648 
 540.17             8725.67             8624.527            8609.678            8624.527            101.1426 
 540.12             8736.22             8624.694            8609.659            8624.694            111.5254 
 540.07             8764.37             8624.864            8609.64             8624.864            139.5059 
 540.02             8487.03             8625.033            8609.615            8625.033           -138.0029 
 539.97             8513.96             8625.25             8609.635            8625.25            -111.29 
 539.92             8540.93             8625.466            8609.649            8625.466           -84.53613 
 539.87             8565.66             8625.681            8609.66             8625.681           -60.02051 
 539.82             8957.39             8625.896            8609.667            8625.896            331.4941 
 539.77             8780.03             8626.054            8609.612            8626.054            153.9766 
 539.72             8631.27             8626.243            8609.585            8626.243            5.026367 
 539.67             8569.94             8626.461            8609.582            8626.461           -56.52051 
 539.62             8807.06             8626.692            8609.588            8626.692            180.3672 
 539.57             9051.81             8626.892            8609.557            8626.892            424.918 
 539.52             8688                8627.056            8609.486            8627.056            60.94434 
 539.47             8679.87             8627.282            8609.474            8627.282            52.58789 
 539.42             8733.11             8627.516            8609.463            8627.516            105.5947 
 539.37             8907.28             8627.745            8609.443            8627.745            279.5352 
 539.32             8743.07             8627.951            8609.396            8627.951            115.1191 
 539.27             8457.6              8628.19             8609.375            8628.19            -170.5908 
 539.22             8431.32             8628.479            8609.398            8628.479           -197.1592 
 539.17             8506.63             8628.778            8609.427            8628.778           -122.1484 
 539.12             8531.69             8629.071            8609.443            8629.071           -97.38086 
 539.07             8306.92             8629.366            8609.456            8629.366           -322.4463 
 539.02             8738.4              8629.702            8609.504            8629.702            108.6982 
 538.97             8596.36             8629.977            8609.483            8629.977           -33.61621 
 538.92             8519.04             8630.279            8609.485            8630.279           -111.2393 
 538.87             8836.16             8630.602            8609.5              8630.602            205.5586 
 538.82             8681.08             8630.88             8609.464            8630.88             50.2002 
 538.77             8648.55             8631.19             8609.452            8631.19             17.35938 
 538.72             8771.42             8631.513            8609.446            8631.513            139.9072 
 538.67             9078.91             8631.823            8609.42             8631.823            447.0869 
 538.62             8839.53             8632.093            8609.346            8632.093            207.4375 
 538.57             8769.02             8632.408            8609.31             8632.408            136.6113 
 538.52             8226.62             8632.742            8609.284            8632.742           -406.1221 
 538.47             8641.88             8633.171            8609.345            8633.171            8.708984 
 538.42             8716.92             8633.543            8609.34             8633.543            83.37695 
 538.37             8920.73             8633.911            8609.322            8633.911            286.8193 
 538.32             8569.06             8634.256            8609.272            8634.256           -65.19629 
 538.27             8719.13             8634.667            8609.279            8634.667            84.46289 
 538.22             8716.49             8635.064            8609.262            8635.064            81.42578 
 538.17             8905.94             8635.472            8609.245            8635.472            270.4688 
 538.12             9005.94             8635.858            8609.197            8635.858            370.082 
 538.07             8687.37             8636.241            8609.135            8636.241            51.12891 
 538.02             8768.97             8636.685            8609.122            8636.685            132.2852 
 537.97             8627.58             8637.128            8609.097            8637.128           -9.547852 
 537.92             8475.67             8637.604            8609.094            8637.604           -161.9346 
 537.87             8675.54             8638.118            8609.115            8638.118            37.42188 
 537.82             8335.84             8638.612            8609.104            8638.612           -302.7725 
 537.77             8544.77             8639.173            8609.147            8639.173           -94.40332 
 537.72             8575.44             8639.716            8609.158            8639.716           -64.27539 
 537.67             8635.36             8640.267            8609.163            8640.267           -4.90625 
 537.62             8426.93             8640.822            8609.159            8640.822           -213.8926 
 537.57             8787.16             8641.427            8609.188            8641.427            145.7334 
 537.52             8581.1              8641.989            8609.16             8641.989           -60.88965 
 537.47             8511.59             8642.601            8609.164            8642.601           -131.0107 
 537.42             8657.92             8643.24             8609.18             8643.24             14.67969 
 537.37             8679.42             8643.873            8609.172            8643.873            35.54688 
 537.32             8458.87             8644.522            8609.161            8644.522           -185.6523 
 537.27             8848.56             8645.224            8609.185            8645.224            203.3359 
 537.22             8741.72             8645.885            8609.146            8645.885            95.83496 
 537.17             8218.22             8646.582            8609.126            8646.582           -428.3623 
 537.12             8260.32             8647.384            8609.188            8647.384           -387.0635 
 537.07             8128.25             8648.201            8609.243            8648.201           -519.9512 
 537.02             8300.81             8649.063            8609.319            8649.063           -348.2539 
 536.97             8426.78             8649.924            8609.369            8649.924           -223.1436 
 536.92             8609.92             8650.788            8609.397            8650.788           -40.86816 
 536.87             8982.86             8651.651            8609.397            8651.651            331.209 
 536.82             8912.18             8652.482            8609.338            8652.482            259.6973 
 536.77             8760.38             8653.356            8609.29             8653.356            107.0234 
 536.72             8502.7              8654.288            8609.267            8654.288           -151.5879 
 536.67             8530.53             8655.293            8609.283            8655.293           -124.7627 
 536.62             8810.59             8656.33             8609.296            8656.33             154.2598 
 536.57             8559.95             8657.361            8609.264            8657.361           -97.41113 
 536.52             8610.17             8658.474            8609.271            8658.474           -48.30371 
 536.47             8474                8659.626            8609.271            8659.626           -185.626 
 536.42             8395.93             8660.848            8609.293            8660.848           -264.918 
 536.37             8681.08             8662.135            8609.327            8662.135            18.94531 
 536.32             8500.18             8663.435            8609.315            8663.435           -163.2549 
 536.27             8744.21             8664.827            8609.333            8664.827            79.38281 
 536.22             8557.17             8666.254            8609.312            8666.254           -109.084 
 536.17             8645.13             8667.785            8609.319            8667.785           -22.65527 
 536.12             8534.44             8669.39             8609.313            8669.39            -134.9492 
 536.07             8659.24             8671.109            8609.326            8671.109           -11.86914 
 536.02             8766.08             8672.915            8609.318            8672.915            93.16504 
 535.97             8681                8674.826            8609.293            8674.826            6.173828 
 535.92             8618.68             8676.883            8609.281            8676.883           -58.20313 
 535.87             8677.54             8679.102            8609.28             8679.102           -1.561523 
 535.82             8842.85             8681.48             8609.27             8681.48             161.3691 
 535.77             8654.66             8684.025            8609.232            8684.025           -29.36523 
 535.72             8772.36             8686.818            8609.225            8686.818            85.54199 
 535.67             8723.06             8689.833            8609.199            8689.833            33.22656 
 535.62             8656.62             8693.13             8609.181            8693.13            -36.50977 
 535.57             8385.07             8696.747            8609.174            8696.747           -311.6768 
 535.52             8661.29             8700.754            8609.209            8700.754           -39.46387 
 535.47             8719.32             8705.115            8609.201            8705.115            14.20508 
 535.42             8807.44             8709.901            8609.184            8709.901            97.53906 
 535.37             8323.32             8715.168            8609.151            8715.168           -391.8477 
 535.32             8619.26             8721.065            8609.197            8721.065           -101.8057 
 535.27             8494.58             8727.534            8609.195            8727.534           -232.9541 
 535.22             8456.09             8734.724            8609.214            8734.724           -278.6338 
 535.17             8528.82             8742.68             8609.238            8742.68            -213.8594 
 535.12             8837.65             8751.48             8609.251            8751.48             86.16992 
 535.07             8789.6              8761.18             8609.215            8761.18             28.41992 
 535.02             8804.38             8771.935            8609.186            8771.935            32.44531 
 534.97             8907.76             8783.859            8609.155            8783.859            123.9004 
 534.92             8875.32             8797.023            8609.107            8797.023            78.29688 
 534.87             8677.44             8811.586            8609.065            8811.586           -134.1455 
 534.82             8914.96             8827.702            8609.055            8827.702            87.25781 
 534.77             8702.51             8845.438            8609.006            8845.438           -142.9287 
 534.72             8931.21             8865.035            8608.991            8865.035            66.1748 
 534.67             8894.77             8886.519            8608.939            8886.519            8.250977 
 534.62             8762.31             8910.109            8608.895            8910.109           -147.7998 
 534.57             8930                8935.978            8608.87             8935.978           -5.977539 
 534.52             9358.55             8964.233            8608.819            8964.233            394.3164 
 534.47             8862.13             8995.034            8608.7              8995.034           -132.9043 
 534.42             8980.13             9028.611            8608.659            9028.611           -48.48145 
 534.37             9113.95             9065.063            8608.601            9065.063            48.8877 
 534.32             8962.53             9104.535            8608.521            9104.535           -142.0049 
 534.27             9341.86             9147.223            8608.464            9147.223            194.6377 
 534.22             9258.63             9193.238            8608.348            9193.238            65.3916 
 534.17             9148.01             9242.67             8608.244            9242.67            -94.66016 
 534.12             9385.25             9295.692            8608.158            9295.692            89.55762 
 534.07             9479.56             9352.349            8608.035            9352.349            127.2109 
 534.02             9441.65             9412.741            8607.896            9412.741            28.90918 
 533.97             9739.22             9477.033            8607.764            9477.033            262.1865 
 533.92             9725                9545.05             8607.584            9545.05             179.9502 
 533.87             9923.01             9616.927            8607.407            9616.927            306.083 
 533.82             9927.02             9692.61             8607.198            9692.61             234.4092 
 533.77             10051.4             9772.082            8606.988            9772.082            279.3184 
 533.72             10100               9855.343            8606.759            9855.343            244.6572 
 533.67             9897.54             9942.083            8606.521            9942.083           -44.54297 
 533.62             9892.52             10032.29            8606.316            10032.29           -139.7666 
 533.57             10136.2             10125.73            8606.112            10125.73            10.47363 
 533.52             10353.6             10222.13            8605.869            10222.13            131.4697 
 533.47             10617.6             10321.35            8605.592            10321.35            296.251 
 533.42             10408               10422.82            8605.271            10422.82           -14.81641 
 533.37             10578.8             10526.37            8604.985            10526.37            52.43066 
 533.32             10742.1             10631.55            8604.672            10631.55            110.5508 
 533.27             10708.5             10737.91            8604.332            10737.91           -29.41406 
 533.22             10745.3             10845.15            8603.998            10845.15           -99.84863 
 533.17             10922.5             10952.46            8603.658            10952.46           -29.95605 
 533.12             10641.3             11059.39            8603.29             11059.39           -418.0869 
 533.07             11152.7             11165.42            8602.966            11165.42           -12.71973 
 533.02             11552.2             11269.8             8602.561            11269.8             282.3975 
 532.97             11423.4             11372.02            8602.092            11372.02            51.38086 
 532.92             11251.5             11471.22            8601.645            11471.22           -219.7168 
 532.87             11235.2             11566.82            8601.223            11566.82           -331.6221 
 532.82             11454.6             11658.09            8600.805            11658.09           -203.4912 
 532.77             11276.2             11744.25            8600.352            11744.25           -468.0547 
 532.72             11890.3             11824.74            8599.927            11824.74            65.55762 
 532.67             11886.9             11898.51            8599.404            11898.51           -11.61133 
 532.62             12044.7             11965.06            8598.882            11965.06            79.63574 
 532.57             11967               12023.72            8598.334            12023.72           -56.71875 
 532.52             12034.3             12073.9             8597.799            12073.9            -39.60254 
 532.47             11908.2             12115.1             8597.253            12115.1            -206.8955 
 532.42             11919.6             12146.77            8596.728            12146.77           -227.167 
 532.37             11989.5             12168.58            8596.199            12168.58           -179.083 
 532.32             11908.1             12180.28            8595.66             12180.28           -272.1777 
 532.27             12226.2             12181.73            8595.134            12181.73            44.4707 
 532.22             12126.9             12172.84            8594.558            12172.84           -45.93652 
 532.17             11987.1             12153.78            8593.996            12153.78           -166.6836 
 532.12             12309.2             12124.79            8593.457            12124.79            184.4131 
 532.07             12300.1             12086.1             8592.867            12086.1             213.998 
 532.02             12199               12038.21            8592.278            12038.21            160.7949 
 531.97             12208               11981.55            8591.705            11981.55            226.4492 
 531.92             12023.4             11916.84            8591.131            11916.84            106.5566 
 531.87             12222.8             11844.69            8590.586            11844.69            378.1064 
 531.82             12073.7             11765.72            8590.009            11765.72            307.9785 
 531.77             11725.3             11680.7             8589.455            11680.7             44.60449 
 531.72             11764.3             11590.26            8588.957            11590.26            174.0381 
 531.67             11704.7             11495.31            8588.452            11495.31            209.3926 
 531.62             11976.4             11396.47            8587.957            11396.47            579.9307 
 531.57             11631.7             11294.41            8587.419            11294.41            337.292 
 531.52             11259.2             11189.91            8586.936            11189.91            69.28613 
 531.47             10999.6             11083.53            8586.512            11083.53           -83.93066 
 531.42             10654.6             10976.14            8586.128            10976.14           -321.5371 
 531.37             11012.5             10868.22            8585.799            10868.22            144.2754 
 531.32             10600.4             10760.26            8585.414            10760.26           -159.8584 
 531.27             10373.9             10652.89            8585.094            10652.89           -278.9922 
 531.22             10435.8             10546.47            8584.81             10546.47           -110.667 
 531.17             10202.8             10441.65            8584.516            10441.65           -238.8506 
 531.12             10106.5             10338.77            8584.259            10338.77           -232.2744 
 531.07             10127.7             10238.19            8584.017            10238.19           -110.4912 
 531.02             10279.5             10140.22            8583.771            10140.22            139.2842 
 530.97             10169.4             10045               8583.502            10045               124.3965 
 530.92             10272.7             9953.078            8583.25             9953.078            319.6221 
 530.87             9881.25             9864.496            8582.981            9864.496            16.75391 
 530.82             9539.05             9779.508            8582.775            9779.508           -240.458 
 530.77             9493.21             9698.237            8582.623            9698.237           -205.0273 
 530.72             9271.58             9620.644            8582.479            9620.644           -349.0635 
 530.67             9731.42             9547.004            8582.369            9547.004            184.416 
 530.62             9499.56             9477.146            8582.187            9477.146            22.41309 
 530.57             9690.83             9411.18             8582.041            9411.18             279.6504 
 530.52             9443.6              9349.013            8581.865            9349.013            94.58691 
 530.47             9402.14             9290.593            8581.729            9290.593            111.5469 
 530.42             9303.46             9235.957            8581.598            9235.957            67.50293 
 530.37             9167.41             9184.95             8581.483            9184.95            -17.54004 
 530.32             9069.74             9137.468            8581.39             9137.468           -67.72754 
 530.27             8818.74             9093.382            8581.313            9093.382           -274.6416 
 530.22             8897.58             9052.532            8581.274            9052.532           -154.9521 
 530.17             8978.77             9014.824            8581.225            9014.824           -36.05469 
 530.12             8766.5              8980.053            8581.161            8980.053           -213.5527 
 530.07             8865                8948.109            8581.132            8948.109           -83.10938 
 530.02             8969.58             8918.787            8581.087            8918.787            50.79297 
 529.97             8550.7              8891.892            8581.025            8891.892           -341.1914 
 529.92             8798.88             8867.415            8581.03             8867.415           -68.53516 
 529.87             8583.72             8845.057            8580.995            8845.057           -261.3369 
 529.82             8710.97             8824.74             8580.995            8824.74            -113.7705 
 529.77             8751.05             8806.259            8580.975            8806.259           -55.20898 
 529.72             8826.31             8789.464            8580.947            8789.464            36.8457 
 529.67             8639.14             8774.252            8580.908            8774.252           -135.1123 
 529.62             8529.13             8760.512            8580.899            8760.512           -231.3818 
 529.57             8674.37             8748.105            8580.907            8748.105           -73.73535 
 529.52             8714.7              8736.875            8580.893            8736.875           -22.1748 
 529.47             8841.72             8726.716            8580.871            8726.716            115.0039 
 529.42             8633.79             8717.535            8580.83             8717.535           -83.74512 
 529.37             8660.74             8709.276            8580.821            8709.276           -48.53613 
 529.32             8599.23             8701.815            8580.809            8701.815           -102.585 
 529.27             8561.17             8695.085            8580.806            8695.085           -133.915 
 529.22             9005.99             8689                8580.809            8689                316.9902 
 529.17             8742.86             8683.43             8580.741            8683.43             59.43066 
 529.12             8914.82             8678.417            8580.716            8678.417            236.4033 
 529.07             8786.01             8673.837            8580.662            8673.837            112.1729 
 529.02             8767.95             8669.688            8580.63             8669.688            98.2627 
 528.97             8760.7              8665.899            8580.6              8665.899            94.80078 
 528.92             8498.77             8662.442            8580.571            8662.442           -163.6729 
 528.87             8312.99             8659.313            8580.584            8659.313           -346.3223 
 528.82             8542.11             8656.469            8580.627            8656.469           -114.3584 
 528.77             8566.43             8653.813            8580.633            8653.813           -87.38379 
 528.72             8375.12             8651.353            8580.636            8651.353           -276.2324 
 528.67             8490.71             8649.102            8580.668            8649.102           -158.3916 
 528.62             8565.77             8646.992            8580.683            8646.992           -81.22266 
 528.57             8792.24             8645.01             8580.685            8645.01             147.2305 
 528.52             8845.59             8643.118            8580.651            8643.118            202.4717 
 528.47             8624.68             8641.328            8580.609            8641.328           -16.64844 
 528.42             8573.53             8639.674            8580.602            8639.674           -66.14355 
 528.37             8389.06             8638.12             8580.604            8638.12            -249.0605 
 528.32             8412.89             8636.676            8580.634            8636.676           -223.7861 
 528.27             8400.55             8635.3              8580.66             8635.3             -234.75 
 528.22             8514.27             8633.991            8580.688            8633.991           -119.7217 
 528.17             8563.9              8632.728            8580.699            8632.728           -68.82715 
 528.12             8893.63             8631.511            8580.702            8631.511            262.1191 
 528.07             8550.65             8630.292            8580.652            8630.292           -79.6416 
 528.02             8477.58             8629.175            8580.657            8629.175           -151.5947 
 527.97             8422.72             8628.11             8580.674            8628.11            -205.3906 
 527.92             8472.71             8627.096            8580.698            8627.096           -154.3857 
 527.87             8331.07             8626.112            8580.716            8626.112           -295.042 
 527.82             8610.32             8625.185            8580.755            8625.185           -14.86426 
 527.77             8609.78             8624.247            8580.751            8624.247           -14.4668 
 527.72             8800.66             8623.338            8580.746            8623.338            177.3223 
 527.67             8482.83             8622.429            8580.711            8622.429           -139.5986 
 527.62             8730.27             8621.599            8580.727            8621.599            108.6709 
 527.57             8661.55             8620.756            8580.703            8620.756            40.79395 
 527.52             8553.49             8619.948            8580.69             8619.948           -66.45801 
 527.47             8677.41             8619.18             8580.694            8619.18             58.23047 
 527.42             8538.3              8618.416            8580.679            8618.416           -80.11621 
 527.37             8726.92             8617.696            8580.686            8617.696            109.2236 
 527.32             8540.12             8616.967            8580.662            8616.967           -76.84668 
 527.27             8534.69             8616.288            8580.669            8616.288           -81.59766 
 527.22             8539.77             8615.628            8580.676            8615.628           -75.8584 
 527.17             8718.37             8614.986            8580.683            8614.986            103.3838 
 527.12             8604.4              8614.335            8580.661            8614.335           -9.93457 
 527.07             8590.98             8613.718            8580.657            8613.718           -22.7373 
 527.02             8455.01             8613.119            8580.655            8613.119           -158.1094 
 526.97             8370.54             8612.558            8580.676            8612.558           -242.0176 
 526.92             8314.38             8612.025            8580.709            8612.025           -297.6455 
 526.87             8409.23             8611.516            8580.751            8611.516           -202.2852 
 526.82             8327.4              8611.007            8580.778            8611.007           -283.6064 
 526.77             8428.49             8610.523            8580.818            8610.523           -182.0332 
 526.72             8470.8              8610.038            8580.843            8610.038           -139.2383 
 526.67             8688.82             8609.559            8580.86             8609.559            79.26172 
 526.62             8589.19             8609.057            8580.843            8609.057           -19.86621 
 526.57             8820.49             8608.583            8580.842            8608.583            211.9072 
 526.52             8873.53             8608.084            8580.804            8608.084            265.4463 
 526.47             8479.03             8607.588            8580.757            8607.588           -128.5576 
 526.42             8662.24             8607.165            8580.773            8607.165            55.0752 
 526.37             8517.83             8606.725            8580.761            8606.725           -88.89453 
 526.32             8531.95             8606.316            8580.771            8606.316           -74.36621 
 526.27             8760.32             8605.916            8580.778            8605.916            154.4043 
 526.22             8598.59             8605.489            8580.75             8605.489           -6.899414 
 526.17             8520.86             8605.097            8580.747            8605.097           -84.23633 
 526.12             8705.64             8604.726            8580.756            8604.726            100.9141 
 526.07             8521.87             8604.335            8580.736            8604.335           -82.46484 
 526.02             8669.37             8603.981            8580.746            8603.981            65.38867 
 525.97             8754.64             8603.612            8580.731            8603.612            151.0273 
 525.92             8761.19             8603.238            8580.704            8603.238            157.9521 
 525.87             8613.78             8602.87             8580.676            8602.87             10.91016 
 525.82             8504.12             8602.533            8580.67             8602.533           -98.41309 
 525.77             8485.41             8602.222            8580.683            8602.222           -116.8115 
 525.72             8794.87             8601.919            8580.697            8601.919            192.9512 
 525.67             8675.19             8601.574            8580.663            8601.574            73.61621 
 525.62             8498.89             8601.257            8580.648            8601.257           -102.3672 
 525.57             8761.18             8600.972            8580.661            8600.972            160.208 
 525.52             8373.76             8600.653            8580.633            8600.653           -226.8936 
 525.47             8468.27             8600.401            8580.666            8600.401           -132.1318 
 525.42             8268.62             8600.141            8580.684            8600.141           -331.5205 
 525.37             8417.37             8599.918            8580.733            8599.918           -182.5479 
 525.32             8485.68             8599.676            8580.759            8599.676           -113.9961 
 525.27             8788.38             8599.43             8580.774            8599.43             188.9502 
 525.22             8565.88             8599.14             8580.741            8599.14            -33.25977 
 525.17             8807.14             8598.891            8580.743            8598.891            208.249 
 525.12             8669.27             8598.609            8580.708            8598.609            70.66016 
 525.07             8181.99             8598.354            8580.693            8598.354           -416.3633 
 525.02             8559.98             8598.181            8580.757            8598.181           -38.2002 
 524.97             8376.43             8597.952            8580.76             8597.952           -221.5225 
 524.92             8788.02             8597.758            8580.793            8597.758            190.2617 
 524.87             8690.37             8597.502            8580.76             8597.502            92.86816 
 524.82             8769.98             8597.267            8580.742            8597.267            172.7139 
 524.77             8780.47             8597.022            8580.712            8597.022            183.4473 
 524.72             8629.61             8596.78             8580.681            8596.78             32.83008 
 524.67             8318.89             8596.566            8580.673            8596.566           -277.6768 
 524.62             8419.73             8596.405            8580.714            8596.405           -176.6748 
 524.57             8671.4              8596.233            8580.74             8596.233            75.16699 
 524.52             8349.6              8596.024            8580.726            8596.024           -246.4248 
 524.47             8408.16             8595.869            8580.762            8595.869           -187.709 
 524.42             8443.29             8595.71             8580.79             8595.71            -152.4199 
 524.37             8317.6              8595.548            8580.812            8595.548           -277.9482 
 524.32             8311.04             8595.409            8580.854            8595.409           -284.3691 
 524.27             8700.07             8595.274            8580.896            8595.274            104.7959 
 524.22             8603.8              8595.081            8580.877            8595.081            8.71875 
 524.17             8603.45             8594.906            8580.873            8594.906            8.543945 
 524.12             8733.4              8594.735            8580.87             8594.735            138.665 
 524.07             8521.19             8594.546            8580.846            8594.546           -73.35547 
 524.02             8427.61             8594.394            8580.855            8594.394           -166.7832 
 523.97             8284.38             8594.258            8580.88             8594.258           -309.8779 
 523.92             8556.62             8594.148            8580.927            8594.148           -37.52832 
 523.87             8570.15             8593.999            8580.931            8593.999           -23.84863 
 523.82             8655.07             8593.85             8580.933            8593.85             61.2207 
 523.77             8339.11             8593.688            8580.92             8593.688           -254.5781 
 523.72             8642.45             8593.581            8580.959            8593.581            48.86914 
 523.67             8715.03             8593.428            8580.949            8593.428            121.6025 
 523.62             8788.47             8593.266            8580.928            8593.266            195.2041 
 523.57             8720.68             8593.094            8580.895            8593.094            127.5859 
 523.52             8591.19             8592.936            8580.873            8592.936           -1.745117 
 523.47             8492.01             8592.8              8580.871            8592.8             -100.79 
 523.42             8403.93             8592.681            8580.885            8592.681           -188.751 
 523.37             8526.96             8592.58             8580.913            8592.58            -65.62012 
 523.32             8769.16             8592.461            8580.922            8592.461            176.6992 
 523.27             8684.17             8592.305            8580.892            8592.305            91.86523 
 523.22             8365.74             8592.165            8580.875            8592.165           -226.4248 
 523.17             8325.74             8592.077            8580.909            8592.077           -266.3369 
 523.12             8652.61             8591.999            8580.95             8591.999            60.61133 
 523.07             8508.88             8591.869            8580.938            8591.869           -82.98926 
 523.02             8580.95             8591.766            8580.95             8591.766           -10.81543 
